999000	-0.03813549473745923	-0.010395917320778849
999001	-0.04182744941411361	-0.01161329894664855
999002	-0.04460629598197263	-0.012580497380389227
999003	-0.04641159823441835	-0.013275986158521874
999004	-0.047204382119167144	-0.013683674789349084
999005	-0.04696788301341427	-0.01379343340094119
999006	-0.045707805319247695	-0.013601552542221125
999007	-0.04345209190447775	-0.013111077582718154
999008	-0.040250224215540864	-0.012331961157588726
999009	-0.03617208575434631	-0.011280988995677978
999010	-0.0313064253072431	-0.009981453731009653
999011	-0.02575895863707571	-0.008462576397792748
999012	-0.019650149157394426	-0.006758702539096456
999013	-0.013112652091458149	-0.004908307366173862
999014	-0.006288514884514745	-0.0029528970956910943
999015	0.0006738226453701247	-0.0009358810515360385
999016	0.007622695815198521	0.001098523549664945
999017	0.01440649385679712	0.0031063019607617142
999018	0.020876983215601698	0.005044536099462789
999019	0.026892601006971627	0.006872175108146283
999020	0.03232165697950425	0.008550701364324056
999021	0.037045316157991344	0.010044714390576946
999022	0.04096027117459458	0.011322468891867457
999023	0.04398105247979583	0.012356406492875432
999024	0.04604191142369768	0.013123698662986462
999025	0.04709823134501247	0.013606799520341634
999026	0.047127439738629075	0.013793985732956255
999027	0.046129412851230074	0.013679841877415224
999028	0.0441263963822377	0.013265642762963933
999029	0.04116244271768699	0.012559566429287251
999030	0.03730234162081599	0.011576669879843874
999031	0.0326301708609812	0.010338623355388214
999032	0.02724748062337157	0.008873191057687224
999033	0.021271142517525772	0.007213477789343506
999034	0.014830898003364916	0.005396986043452992
999035	0.008066641336274907	0.0034645458415504546
999036	0.0011254725668469294	0.0014591876922620895
999037	-0.005841441170793475	-0.0005749717668792643
999038	-0.012682144915220439	-0.002593772557300772
999039	-0.019247224670891558	-0.004553938320393058
999040	-0.02539311385611277	-0.006413875859491053
999041	-0.0309853034281315	-0.008134360435184246
999042	-0.035901370196453786	-0.009679134080659603
999043	-0.04003373916674094	-0.01101545286614249
999044	-0.0432921047006362	-0.012114618624489681
999045	-0.04560547094886849	-0.0129525272289025
999046	-0.046923690920075416	-0.01351022246982306
999047	-0.04721848414163085	-0.013774438852674192
999048	-0.046483962917166805	-0.013738104733262582
999049	-0.0447366563112995	-0.013400749201515974
999050	-0.04201505055880985	-0.012768755494008676
999051	-0.03837867496352815	-0.011855409322630232
999052	-0.03390676818764703	-0.010680705464470324
999053	-0.028696570937658653	-0.009270900983909326
999054	-0.022861261126116784	-0.007657819637926268
999055	-0.01652753775335909	-0.005877937674079293
999056	-0.009832959528273118	-0.00397133588207202
999057	-0.0029230517325940686	-0.0019805811919813613
999058	0.004051780262865164	0.00005039292129885016
999059	0.010939479638063182	0.002077346359289814
999060	0.01758964768926497	0.004056689570918498
999061	0.023856870389199997	0.005946319136082527
999062	0.029603992763798753	0.007706337568667956
999063	0.03470520755238805	0.009299670452766898
999064	0.03904889144511091	0.010692622282146812
999065	0.042540112767806594	0.011855408946688625
999066	0.04510274282769678	0.012762693677369347
999067	0.046681116847081885	0.013394136122230288
999068	0.04724120774287946	0.013734943203455648
999069	0.046771296820246964	0.013776390478059595
999070	0.04528216499810522	0.013516273218703115
999071	0.04280674323368323	0.012959203864246777
999072	0.03939928023097043	0.012116708731176581
999073	0.03513410579052331	0.01100709485204931
999074	0.030104003928756458	0.009655062215083231
999075	0.0244182318755884	0.008091068049696977
999076	0.018200220315325946	0.006350475460732571
999077	0.011584989315608658	0.00447254014139651
999078	0.0047163140684979	0.0024993022558706707
999079	-0.002256328651335146	0.0004744553566578757
999080	-0.009180983904207407	-0.001557741784815242
999081	-0.01590651836695345	-0.0035534510473449127
999082	-0.022285943259478344	-0.005470119161700058
999083	-0.028179684704915546	-0.007267219980022629
999084	-0.03345871734155118	-0.00890689379229967
999085	-0.03800747565245299	-0.010354516192761957
999086	-0.04172647217463556	-0.01157923612626494
999087	-0.04453455848805007	-0.012554518317829728
999088	-0.0463706886721198	-0.013258686258194902
999089	-0.04719520792032926	-0.013675473842867474
999090	-0.04699064319199475	-0.013794556810144583
999091	-0.04576198688783316	-0.013612016452856191
999092	-0.04353648550615973	-0.01313067983554087
999093	-0.04036295749810596	-0.012360280696741383
999094	-0.036310674225073385	-0.011317395755116543
999095	-0.0314678551910584	-0.010025133788851628
999096	-0.025939753144897257	-0.008512554023664009
999097	-0.019846403885538873	-0.006813854436461146
999098	-0.0133201069420428	-0.004967391470360979
999099	-0.00650265058497529	-0.003014590444602368
999100	0.00045767982709493237	-0.0009988182406607629
999101	0.0074092637268350775	0.0010357145213761446
999102	0.014200422253546445	0.0030449684566266812
999103	0.02068275825600259	0.004985977794729226
999104	0.026714470613687865	0.006817627899641003
999105	0.03216353677267027	0.008501317965540557
999106	0.03691068701441165	0.010001543554515862
999107	0.04085209099746891	0.011286437288979196
999108	0.043901682611099654	0.012328300580815237
999109	0.04599306082578285	0.013104145841840355
999110	0.04708092028030808	0.013596249335032869
999111	0.047141994863106364	0.013792697245533916
999112	0.046175507994095505	0.013687884770834083
999113	0.044203051360935296	0.013282886413668954
999114	0.04126800412685304	0.012585663384257517
999115	0.03743451492533368	0.011611056523519589
999116	0.03278607363080736	0.010380531736697857
999117	0.027423709895535806	0.008921670765382167
999118	0.021463854544996067	0.007267426188821953
999119	0.015035898397834516	0.005455183547172009
999120	0.008279484370556141	0.00352569284613231
999121	0.001341543673207657	0.0015219351557230038
999122	-0.005626847245442108	-0.0005119948236460743
999123	-0.012473721680266819	-0.0025319274868632847
999124	-0.019049540860361223	-0.004494546730862856
999125	-0.025210501673001443	-0.006358194453985358
999126	-0.030821752328575373	-0.008083559892257255
999127	-0.03576043137086629	-0.009634280365211814
999128	-0.03991846842713073	-0.010977495173033454
999129	-0.04320503027604415	-0.012084381661802587
999130	-0.04554851820455306	-0.012930690611579055
999131	-0.04689811475202939	-0.013497297680952404
999132	-0.047224837270170246	-0.01377075060301057
999133	-0.04652208454084682	-0.013743774451399236
999134	-0.04480568034125721	-0.013415683364360536
999135	-0.04211343212132316	-0.012792641604545855
999136	-0.038504241923767266	-0.011887724494824482
999137	-0.03405680166934866	-0.010720738539633992
999138	-0.028867843604326943	-0.009317763250512296
999139	-0.023050070054316328	-0.00771045673186364
999140	-0.016729782309564966	-0.005935159786470565
999141	-0.010044234386405958	-0.004031854739500573
999142	-0.0031387487324787055	-0.002043048782155011
999143	0.0038363637532047882	-0.000012652717483470789
999144	0.010729031811370256	0.0020150836675691198
999145	0.017388751884674748	0.003996537478417227
999146	0.02366992323970167	0.0058895525362838656
999147	0.02943510150321456	0.007654156235857895
999148	0.03455808760906997	0.009253178560447951
999149	0.03892677276494281	0.010652810030972569
999150	0.042445659852939764	0.011823134623373442
999151	0.045037991716955265	0.012738665087085994
999152	0.04664743208785991	0.013378892073001566
999153	0.04723928611367071	0.013728845120595098
999154	0.04680118793556194	0.013779618533380014
999155	0.04534323838879587	0.013528805913629328
999156	0.04289767645204211	0.012980802558261124
999157	0.03951808905372099	0.01214691570485559
999158	0.03527819153877289	0.01104524109246919
999159	0.030270215507708767	0.009700285449042396
999160	0.02460294073567984	0.008142339811956379
999161	0.018399408872903675	0.0064066347734168805
999162	0.011794346898262531	0.004532329618403504
999163	0.0049313060258298815	0.0025613953780126092
999164	-0.00204038289924734	0.000537485366209869
999165	-0.008968804394981975	-0.001495146859035036
999166	-0.015702751763854085	-0.0034926362912081057
999167	-0.022095050011868195	-0.005412375698052597
999168	-0.028005830338687684	-0.007213762361845996
999169	-0.03330567773438864	-0.008858841423893626
999170	-0.03787858600982426	-0.010312883717027398
999171	-0.04162457041809792	-0.011544921545481868
999172	-0.044461893282109005	-0.012528280086312078
999173	-0.04632885604036153	-0.013241123150787753
999174	-0.04718511203742854	-0.013667006016143702
999175	-0.047012477174354625	-0.0137954081020692
999176	-0.045815233433769885	-0.013622200547040197
999177	-0.043619937050677446	-0.013149993531352515
999178	-0.0404747748597062	-0.012388313570945414
999179	-0.03644844804619481	-0.011353543762357253
999180	-0.03162861988297326	-0.010068599803061204
999181	-0.026120028119858807	-0.008562360794432686
999182	-0.020042270928369715	-0.006868873480661504
999183	-0.013527299368353724	-0.0050263785634081974
999184	-0.006716651886447814	-0.0030762240747956885
999185	0.00024153011247091615	-0.001061737443455286
999186	0.007195666405665685	0.0009728774721555085
999187	0.01399402951977629	0.002983562548936805
999188	0.02048808564137746	0.004927310550952256
999189	0.02653579268643234	0.006762941427671261
999190	0.03200478138976991	0.008451767454187164
999191	0.03677533696967427	0.009958178379070416
999192	0.04074309817722829	0.011250183095031474
999193	0.04382139813661506	0.012299940989107697
999194	0.04594319037325346	0.013084305738589177
999195	0.04706253289962845	0.013585389833821905
999196	0.04715551020755333	0.013791103802487176
999197	0.04622064626028323	0.013695642293046977
999198	0.04427882964408353	0.01329986516827791
999199	0.04137276037880552	0.012611513663817412
999200	0.03756594906789258	0.011645212450297888
999201	0.032941303993254116	0.010422225302907123
999202	0.027599343373387368	0.008969955428505821
999203	0.021656077729653948	0.007321210162057516
999204	0.015240560158350291	0.0055132611600596185
999205	0.008492152856890003	0.003586768298677007
999206	0.0015575898692201592	0.0015846544761345957
999207	-0.005412142488385577	-0.0004490065744773527
999208	-0.0122650556175255	-0.0024700322518147527
999209	-0.018851475570775114	-0.004435064382443656
999210	-0.025027353691719254	-0.006302378510061455
999211	-0.030657504922998565	-0.00803258000930835
999212	-0.03561867893008542	-0.009589212302448186
999213	-0.039802334594171394	-0.010939304027084082
999214	-0.04311707413081592	-0.0120539000941428
999215	-0.045490668338806065	-0.012908600159092844
999216	-0.04687162232400772	-0.013484109734666481
999217	-0.04723024889528422	-0.013766787936676518
999218	-0.046559235189470055	-0.0137491556829059
999219	-0.04487371141977036	-0.013430315586636415
999220	-0.0422108537882442	-0.012816230038016392
999221	-0.03862896325927332	-0.011919774035680402
999222	-0.03420613263538573	-0.010760548362366592
999223	-0.029038545627936146	-0.009364440714691427
999224	-0.023238429212494697	-0.007762943345317381
999225	-0.016931694347224	-0.0059922646446019905
999226	-0.010255299825810459	-0.004092292137363725
999227	-0.003354375163985983	-0.0021054760437629076
999228	0.0036208615906883224	-0.00007570353607547236
999229	0.010518345545354232	0.0019527721850059292
999230	0.017187488440821314	0.003936299368583583
999231	0.023482499074695764	0.005832667210183213
999232	0.02926563343443461	0.007601825350942849
999233	0.03441029042384436	0.009206506306076103
999234	0.03880386804154053	0.010612785007521712
999235	0.04235029992736372	0.011790611787147498
999236	0.04497222172372915	0.012714352930879025
999237	0.046612688276339895	0.013363347060048159
999238	0.047236347864468925	0.013722451836608675
999239	0.046830128511469706	0.013782565721019057
999240	0.045403421098118325	0.01354107184391962
999241	0.04298777152962786	0.013002146538917717
999242	0.03963610827651637	0.012176878071265485
999243	0.035421538774722844	0.011083153217302032
999244	0.030435754679154513	0.009745290611604021
999245	0.02478708780003314	0.008193425175442914
999246	0.018598193231501962	0.006462654847027542
999247	0.012003462597915553	0.004592027913567222
999248	0.00514620203708478	0.002623439666042885
999249	-0.0018243976245703964	0.0006005059095880393
999250	-0.008756450243367235	-0.0014325216865484953
999251	-0.015498665344061722	-0.0034317489502059544
999252	-0.02190367469317036	-0.005354513782863693
999253	-0.02783133611379805	-0.007160142028945262
999254	-0.03315189283578304	-0.008810594312497958
999255	-0.03774889758871944	-0.010271036663343858
999256	-0.04152183334387892	-0.011510376929792492
999257	-0.04438835796354735	-0.012501797635415866
999258	-0.04628611392003503	-0.013223301052699445
999259	-0.0471740606165138	-0.01365826204228414
999260	-0.04703330528986439	-0.013795962920988968
999261	-0.045867445332798226	-0.013632072799228748
999262	-0.04370240228779848	-0.013169004630853246
999263	-0.04058572551413905	-0.012416077304605568
999264	-0.03658548487531532	-0.011389460274062867
999265	-0.031788764691766294	-0.01011186771362882
999266	-0.026299791984838377	-0.008611999698031194
999267	-0.020237734806158963	-0.006923754807613904
999268	-0.013734205372031127	-0.005085261774020192
999269	-0.006930501740029646	-0.003137793808051734
999270	0.000025377350371984936	-0.0011246377898537128
999271	0.006981912715950526	0.0009100153686560035
999272	0.013787346629687735	0.0029220930583446275
999273	0.020293005650572876	0.004868544964682282
999274	0.026356596746638976	0.006708123097401859
999275	0.03184539392993356	0.008402050951942568
999276	0.03663922977987499	0.009914610896284174
999277	0.04063321152532543	0.011213687127553603
999278	0.043740111247721675	0.012271305642687337
999279	0.045892294268153846	0.013064176995912299
999280	0.04704315771064734	0.013574245983197127
999281	0.04716808310059599	0.013789234275560294
999282	0.0462648814321178	0.01370313156099397
999283	0.04435373787900389	0.013316581493208288
999284	0.04147667688278526	0.01263710554061189
999285	0.03769657792954022	0.011679114707151205
999286	0.03309578999531733	0.010463679339958433
999287	0.027774352993934978	0.009018035504333619
999288	0.02184783824298	0.00737483807691083
999289	0.01544491549919881	0.005571228960613452
999290	0.0087046557763368	0.003647774723692647
999291	0.0017736042627375754	0.0016473436152551653
999292	-0.0051973327366229135	-0.0003860083099360965
999293	-0.01205613425983147	-0.002408083212114157
999294	-0.018652989467392765	-0.004375481352274873
999295	-0.024843634902639508	-0.0062464194031905205
999296	-0.030492586917592112	-0.007981426528006588
999297	-0.03547619173097883	-0.009543948452189093
999298	-0.039685412254679274	-0.010900897488648956
999299	-0.04302827598774264	-0.012023184233169526
999300	-0.04543191720228661	-0.012886255403603233
999301	-0.04684416174615682	-0.013470644583280709
999302	-0.04723462380607001	-0.013762522573653638
999303	-0.04659532371176655	-0.013754220145409756
999304	-0.04494074552502179	-0.013444645411454181
999305	-0.04230739409143881	-0.012839547817309659
999306	-0.03875291551756376	-0.011951584592743609
999307	-0.03435479599866803	-0.01080014727064987
999308	-0.029208675631372805	-0.00941093302684952
999309	-0.02342631371143525	-0.007815271415882695
999310	-0.01713324049040132	-0.006049242242325463
999311	-0.010466131325147418	-0.0041526412560564845
999312	-0.003569923485463205	-0.002167860521059471
999313	0.0034052822947452416	-0.0001387562686472508
999314	0.010307444570586098	0.001890419085020247
999315	0.016985886692106576	0.003875983187666904
999316	0.02329461644755522	0.005775667904133527
999317	0.029095580328083105	0.007549343293412077
999318	0.034261767726267406	0.009159642908504049
999319	0.03868009226888003	0.010572527322501756
999320	0.04225397264531014	0.011757825539570861
999321	0.04490547063118416	0.012689766943946934
999322	0.04657698732133132	0.013347528685593876
999323	0.047232476777591494	0.013715787514261777
999324	0.0468581549862471	0.013785243535551828
999325	0.04546270280964269	0.013553067963596049
999326	0.04307697691981598	0.01302321845298138
999327	0.039753256978449635	0.012206567861916245
999328	0.03556407883659009	0.011120807640387106
999329	0.030600619188741372	0.009790077060397919
999330	0.024970719319450243	0.008244339754438708
999331	0.018796608963787112	0.006518547331422652
999332	0.01221234411478372	0.004651637363582014
999333	0.005360994507499273	0.002685432990409437
999334	-0.0016083788743939008	0.0006635157910611861
999335	-0.008543909305334307	-0.0013698624164658652
999336	-0.015294227669761781	-0.0033707807232784795
999337	-0.021711806276763685	-0.005296530513756935
999338	-0.027656248076400096	-0.007106369879578754
999339	-0.032997436616403954	-0.00876217009551315
999340	-0.037618467958767124	-0.01022898899688198
999341	-0.04141828361807661	-0.011475608325446914
999342	-0.044313931218077425	-0.012475066170914678
999343	-0.046242392706160276	-0.013205201479806708
999344	-0.04716195045171486	-0.013649212254541146
999345	-0.04705306269560933	-0.013796202109504161
999346	-0.04591866177864288	-0.01364164650426825
999347	-0.04378397461180145	-0.013187744371502254
999348	-0.04069587704374157	-0.012443595163109828
999349	-0.036721807594699965	-0.011425153420473254
999350	-0.031948276725571656	-0.010154933172011712
999351	-0.026479008594169018	-0.008661458745988105
999352	-0.020432751628512675	-0.006978484663630804
999353	-0.013940796251371323	-0.005144032371100716
999354	-0.00714419654945195	-0.0031992979282052946
999355	-0.00019077706818623795	-0.0011875179316509458
999356	0.006768018096711152	0.0008471331816204972
999357	0.013580394290021947	0.002860565706256368
999358	0.020097527874855393	0.004809683519958287
999359	0.02617686509945088	0.006653168917242843
999360	0.031685317001088224	0.0083521554562304
999361	0.0365022872325875	0.00987082284900806
999362	0.040522408694461394	0.01117694376303251
999363	0.043657894022016995	0.01224241246885166
999364	0.045840472761422044	0.013043785942743911
999365	0.047022860669207016	0.0135628364174399
999366	0.04717973219376221	0.01378709465551896
999367	0.04630818556311102	0.013710344025407262
999368	0.04442770668240229	0.013333012309032208
999369	0.041579663331374056	0.012662408166226834
999370	0.03782635088438605	0.011712746199481983
999371	0.03324956039763717	0.010504904127184533
999372	0.027948797586618213	0.00906593134390102
999373	0.02203916983278016	0.007428321328464687
999374	0.01564896865409463	0.005629088335887406
999375	0.00891698261973417	0.003708709192405603
999376	0.001989578344174698	0.0017100008144636232
999377	-0.004982409884556225	-0.00032299703535002813
999378	-0.011846939048355147	-0.0023460752096789504
999379	-0.018454091892024956	-0.004315800006988527
999380	-0.024659397983339642	-0.006190330178265556
999381	-0.030327060572884892	-0.007930114568546535
999382	-0.03533301126317535	-0.00949849896679595
999383	-0.03956770804493199	-0.010862277710501803
999384	-0.04293859814710785	-0.011992225328079129
999385	-0.045372179456257364	-0.012863634235070314
999386	-0.046815633982028634	-0.013456874747379761
999387	-0.04723793772631258	-0.01375794796906076
999388	-0.046630426354540684	-0.013758992012889439
999389	-0.045006877403546725	-0.01345870369157816
999390	-0.042403106953581696	-0.012862613306155877
999391	-0.03887610811040807	-0.011983159596407892
999392	-0.034502765758804115	-0.010839526325169544
999393	-0.029378184434139122	-0.009457223570482969
999394	-0.023613670925137966	-0.007867423841046198
999395	-0.017334395974536523	-0.006106084483481603
999396	-0.010676736245777516	-0.004212903587765151
999397	-0.00378540091204126	-0.0022302035656260374
999398	0.0031896345661123534	-0.00020180792756826962
999399	0.010096343165104861	0.0018280283363184375
999400	0.016783949364801598	0.0038155895833677364
999401	0.023106250187364518	0.0057185486424000155
999402	0.02892488139442896	0.007496696029492291
999403	0.03411246065688972	0.009112574471464178
999404	0.038555462294460906	0.010532040623095509
999405	0.04215676753694832	0.011724797646321535
999406	0.04483782681929634	0.01266492980438433
999407	0.046540376791273104	0.013331450239675415
999408	0.04722767347498379	0.01370885283517523
999409	0.046885221304117916	0.013787638027765305
999410	0.045520996894319696	0.013564766013349168
999411	0.043165203181490516	0.013043988368706452
999412	0.039869516249407516	0.01223597922841052
999413	0.03570586986317098	0.011158224966204335
999414	0.03076487180176331	0.009834666769000728
999415	0.025153863132777426	0.008295093140705818
999416	0.018994654751517372	0.006574311899973104
999417	0.01242097586470317	0.004711153498982974
999418	0.005575670104640468	0.0027473722715996855
999419	-0.0013923255672107801	0.0007265161031499603
999420	-0.008331176680796047	-0.001307167664034204
999421	-0.01508946045363371	-0.0033097375740283727
999422	-0.021519493729837625	-0.005238438531248635
999423	-0.02748061442453877	-0.007052457873668618
999424	-0.03284233594061416	-0.008713575475313276
999425	-0.03748728895249368	-0.010186739344613597
999426	-0.041313868146038345	-0.011440603398170338
999427	-0.04423851812696421	-0.012448061726950687
999428	-0.04619761395085998	-0.013186803483710749
999429	-0.04714880298514772	-0.013639863240669757
999430	-0.04707184752623346	-0.01379615534212169
999431	-0.04596896861022551	-0.01365094889751686
999432	-0.04386469265580178	-0.013206225802902405
999433	-0.04080522409303019	-0.012470865484842941
999434	-0.03685737563075728	-0.011460609162849819
999435	-0.03210709284888923	-0.010197774539095735
999436	-0.026657622214197624	-0.008710719317145175
999437	-0.020627310752199857	-0.007033059245834098
999438	-0.014147094387961138	-0.005202696832206714
999439	-0.007357750228326227	-0.0032607401481601194
999440	-0.0004069283041634201	-0.0012503761423851554
999441	0.006553992629693441	0.0007842336469712403
999442	0.013373170533017155	0.0027989797683821015
999443	0.01990162204889031	0.004750718725678361
999444	0.02599654116666064	0.006598065491386946
999445	0.031524520919883135	0.00830207369160995
999446	0.03636455830434732	0.009826825440502392
999447	0.0404107806742442	0.011139974854956554
999448	0.04357481764383209	0.012213279465469178
999449	0.045787755248053806	0.01302314084344442
999450	0.047001624330862475	0.013551156766928989
999451	0.04719039303775545	0.013784665780883687
999452	0.04635045967705439	0.013717248229624113
999453	0.04450066290041606	0.013349133977738955
999454	0.041681739665444154	0.012687429100743388
999455	0.037955345735984	0.011746134225911548
999456	0.03340267424632459	0.010545920435083829
999457	0.028122696842048007	0.00911364985035341
999458	0.022230063626276726	0.00748165711446197
999459	0.015852696866206835	0.005686832511730418
999460	0.009129112629090866	0.003769566325284507
999461	0.0022055051187547634	0.0017726246198335408
999462	-0.004767377799569421	-0.0002599741621189401
999463	-0.01163749403088361	-0.0022840153276927145
999464	-0.01825482282315842	-0.004256031093514189
999465	-0.0244746781803927	-0.006134119758735054
999466	-0.030160939750484336	-0.007878647745049226
999467	-0.035189115972055436	-0.009452859310224937
999468	-0.039449155092845314	-0.010823429241001893
999469	-0.04284794628444901	-0.011961000107545468
999470	-0.04531141307805705	-0.012840725808764704
999471	-0.04678610187348015	-0.013442817798516712
999472	-0.04724029414505421	-0.013753094266637
999473	-0.04666461367063678	-0.013763493164674198
999474	-0.04507212944331959	-0.01347249800326404
999475	-0.04249797110664606	-0.012885419464370955
999476	-0.038998484563532304	-0.012014479494413794
999477	-0.03464996724583416	-0.01087865973860466
999478	-0.02954702360103183	-0.009503295878216024
999479	-0.023800511986381043	-0.007919404104935935
999480	-0.01753519654819806	-0.00616280269675153
999481	-0.010887131689328809	-0.004273084211860137
999482	-0.004000804017464984	-0.002292504021550939
999483	0.0029739265432404214	-0.0002648564378953198
999484	0.009885036894442097	0.001765598353063517
999485	0.01658164522428806	0.0037551104570571338
999486	0.022917356270680332	0.005661298639758843
999487	0.02875353755708092	0.007443883449598195
999488	0.033962436511068214	0.009065316684722659
999489	0.03843005986532432	0.010491344471572553
999490	0.04205873775316232	0.011691541477292873
999491	0.04476930193874899	0.012639845097314494
999492	0.04650282134943574	0.01331510260915809
999493	0.04722185546666998	0.013701623868849823
999494	0.0469112258777951	0.013789717921740626
999495	0.045578263348169896	0.013576153850665967
999496	0.0432525082725049	0.013064476401801394
999497	0.039984971003865784	0.012265141578840132
999498	0.035846961525743244	0.011195422672522139
999499	0.030928522271150026	0.009879063250274463
999500	0.02533650090323185	0.008345679312937754
999501	0.019192298641414744	0.006629938700436486
999502	0.012629328609632211	0.004770568036514302
999503	0.005790216193705484	0.0028092538579886366
999504	-0.001176243046186296	0.0007895045844187586
999505	-0.008118271153433639	-0.001244443422275134
999506	-0.014884393327887997	-0.00324862777731043
999507	-0.02132676135310016	-0.005180244104991186
999508	-0.027304437790002432	-0.006998406903098689
999509	-0.03268655745805582	-0.008664803111097994
999510	-0.037355284579539905	-0.010144270220738057
999511	-0.041208506737330425	-0.011405342694859657
999512	-0.04416212005666684	-0.012420784610569136
999513	-0.046151868276049945	-0.013168131227228248
999514	-0.04713471458463308	-0.01363024218577581
999515	-0.04708971280590968	-0.01379583880398219
999516	-0.046018371189587876	-0.013659982027401065
999517	-0.043944518253950945	-0.013224436327853794
999518	-0.040913693385921227	-0.012497863032871093
999519	-0.03699210948975403	-0.011495800065809194
999520	-0.03226518546605687	-0.01024038249282037
999521	-0.02683566877129526	-0.008759793604932755
999522	-0.020821455556442176	-0.007087492927878652
999523	-0.014353116172466283	-0.005261260315220647
999524	-0.007571158525289518	-0.003322119200146157
999525	-0.0006230679074460746	-0.0013132103839615292
999526	0.006339831687515277	0.0007213148819314526
999527	0.013165648137613622	0.002737327805916049
999528	0.019705263685426612	0.004691644301202934
999529	0.025815650927864045	0.006542818895478892
999530	0.031363076156794116	0.008251822437324755
999531	0.03622610981719789	0.009782634724976313
999532	0.04029836347237463	0.011102789522255154
999533	0.04349087666411123	0.01218390590174239
999534	0.045734088887428	0.013002228185583175
999535	0.046979352047739516	0.01353917983103308
999536	0.04719997605015956	0.013781921136694675
999537	0.04639170671260258	0.01372384591214166
999538	0.04457269263764052	0.01336497515920551
999539	0.04178298733472672	0.01271219611249762
999540	0.038083599936885766	0.011779291952257253
999541	0.03355512968445409	0.010586727747347834
999542	0.028296021152498047	0.009161181075298718
999543	0.022420476446845222	0.007534831655232268
999544	0.016056064120323475	0.005744450561340015
999545	0.009341035000874437	0.0038303424740861475
999546	0.0024213850289104407	0.0018352142154461474
999547	-0.0045522475394642195	-0.00019694361618586274
999548	-0.011427819984757594	-0.00222190954018348
999549	-0.01805519766186267	-0.004196178632444182
999550	-0.02428946880413016	-0.006077786692619198
999551	-0.029994181098655072	-0.007827016277001718
999552	-0.03504442863958115	-0.009407011690980738
999553	-0.03932970212807521	-0.010784339668563061
999554	-0.04275636273337011	-0.011929518852953711
999555	-0.0452497184001185	-0.012817555991457365
999556	-0.04675564671614024	-0.013428496078995551
999557	-0.0472417281587298	-0.013747972108651613
999558	-0.04669787339873997	-0.013767720164972994
999559	-0.04513644576406811	-0.013486010121280449
999560	-0.0425918986497074	-0.012907936394470779
999561	-0.03911997217181268	-0.012045519496337295
999562	-0.03479640351837919	-0.010917548963881526
999563	-0.02971525022348006	-0.009549169810975922
999564	-0.023986881640599388	-0.007971227455047034
999565	-0.01773565496590007	-0.006219401058513492
999566	-0.01109731038418067	-0.004333181027468896
999567	-0.004216121800706312	-0.002354759213482404
999568	0.0027581564211481566	-0.0003279031270049624
999569	0.009673507120454068	0.001703123716194005
999570	0.016378969546838144	0.003694544546259389
999571	0.022727975201174304	0.005603927964395526
999572	0.028581612544779245	0.007390921097822902
999573	0.03381174600529608	0.009017881849076554
999574	0.038303904949257075	0.010450444107711846
999575	0.04195986160232109	0.01165805235643708
999576	0.044699826307895686	0.012614495299109244
999577	0.046464218691132035	0.01329845792053386
999578	0.04721496320348086	0.013694083842119387
999579	0.04693621551138277	0.01379149817800216
999580	0.045634600653218886	0.013587263163023588
999581	0.04333896249064372	0.013084706118341336
999582	0.04009964506832051	0.012294063302945097
999583	0.03598733881072055	0.011232395651997714
999584	0.031091528022613356	0.009923251972766174
999585	0.025518578054555954	0.008396080315907424
999586	0.019389503316163834	0.006685415744185887
999587	0.012837401553022763	0.004829880114395257
999588	0.006004643436045465	0.0028710801236414988
999589	-0.0009601352950274851	0.0008524794444019373
999590	-0.007905207154726347	-0.001181693899874904
999591	-0.014679034923346875	-0.003187453544104292
999592	-0.02113359516004064	-0.005121943837969722
999593	-0.02712766822780372	-0.006944205413023902
999594	-0.032530032908200855	-0.008615837115319562
999595	-0.03722244021734292	-0.010101577831386247
999596	-0.04110227168082986	-0.01136984349198018
999597	-0.044084833050782285	-0.012393258996453974
999598	-0.04610521865466372	-0.01314920172478656
999599	-0.04711970225048907	-0.01362035441094415
999600	-0.04710662824360907	-0.013795243707624635
999601	-0.04606679532572627	-0.013668722105854247
999602	-0.04402335564315619	-0.01324234400850571
999603	-0.041021235142123816	-0.012524571373842495
999604	-0.03712604656508669	-0.011530739622124767
999605	-0.03242262321092429	-0.010282781127286044
999606	-0.027013188747769215	-0.008808695657799084
999607	-0.02101519309611038	-0.007141788133172644
999608	-0.01455884917463655	-0.005319719136795643
999609	-0.007784405681403431	-0.0033834310527055787
999610	-0.0008391917753407192	-0.0013760203958091191
999611	0.006125528089625771	0.0006583746046689173
999612	0.012957836896156058	0.002675612642614067
999613	0.019508495395340383	0.004632471424098275
999614	0.025634246325918666	0.006487442147349682
999615	0.0312010187503903	0.00820141055968254
999616	0.036086946996550275	0.009738252429594025
999617	0.040185120219156975	0.011065379514315575
999618	0.04340598736851797	0.01215427115270678
999619	0.04567937855269677	0.012981022884178146
999620	0.04695602670700442	0.013526901235701855
999621	0.04720856339581875	0.01377888538395602
999622	0.04643202394628902	0.013730167423425286
999623	0.04464385096121673	0.013380554054887488
999624	0.04188341529691885	0.012736712460313125
999625	0.038211083903645464	0.0118122092075258
999626	0.03370686957339182	0.010627306353358661
999627	0.02846870778455967	0.009208503904003046
999628	0.02261038009849952	0.007587835482281762
999629	0.0162590858230669	0.005801946826553499
999630	0.009552769450251509	0.0038910431618272108
999631	0.002637218599716554	0.0018977693439194995
999632	-0.004337029438427682	-0.00013390837907258828
999633	-0.011217920963013581	-0.0021597587300911706
999634	-0.017855197246337072	-0.004136237709729075
999635	-0.02410371904673	-0.00602131886916622
999636	-0.02982673658681199	-0.007775208692993141
999637	-0.03489897015974562	-0.009360960625846602
999638	-0.039209434272280866	-0.010745029172110307
999639	-0.04266393027983495	-0.01189780207753506
999640	-0.04518714007306209	-0.01279413676560369
999641	-0.04672426745474223	-0.013413909866552318
999642	-0.04724219123917453	-0.013742567566436123
999643	-0.04673011451808948	-0.013771644542223207
999644	-0.045199734456564916	-0.013499210249081534
999645	-0.04268487576166283	-0.012930160230950087
999646	-0.03924063865637619	-0.012076303452891948
999647	-0.03494214512042827	-0.010956218795779422
999648	-0.02988289662848429	-0.009594856716972315
999649	-0.024172779271154132	-0.00802289380240837
999650	-0.017935751569959975	-0.0062758735384288045
999651	-0.011307249482263363	-0.0043931878137102
999652	-0.0044313425844459	-0.0024169665230095636
999653	0.002542326291798596	-0.00039094734522200007
999654	0.00946176989196644	0.0016406093801054917
999655	0.016175959259237104	0.003633902024750428
999656	0.022538146141546308	0.0055464467003368155
999657	0.028409129402978586	0.00733781476722554
999658	0.03366038110308889	0.008970268540964957
999659	0.038176946764174755	0.01040932807264482
999660	0.04186004820575965	0.011624308320743808
999661	0.04462932846773328	0.012588862140953757
999662	0.04642459706902533	0.01328152407304993
999663	0.047207097412126385	0.013686261624409052
999664	0.0469602764319725	0.013793004947783676
999665	0.04569004745569575	0.013598106599739241
999666	0.04342455883768739	0.013104675398732883
999667	0.04021349301833338	0.01232272879246281
999668	0.03612692986957919	0.011269118995481392
999669	0.03125382566239326	0.009967211301897906
999670	0.025700086152488304	0.00844629317917869
999671	0.019586302382959633	0.0067407537343022236
999672	0.013045219854499218	0.004889097419005248
999673	0.0062189537363390454	0.0029328514265966844
999674	-0.0007440108095518923	0.0009154383378159347
999675	-0.0076919863954643605	-0.0011189191813144538
999676	-0.014473363527590898	-0.0031262090077467156
999677	-0.02093995038254707	-0.005063526672843104
999678	-0.026950284810955502	-0.00688984813304059
999679	-0.03237281016536336	-0.008566688479460571
999680	-0.03708883946430642	-0.01005868199807368
999681	-0.040995228431078105	-0.01133412189434281
999682	-0.0440066839469686	-0.012365492192016332
999683	-0.04605764622919441	-0.013130010531330106
999684	-0.04710369921548991	-0.01361018112209358
999685	-0.04712249204225281	-0.013794339160212145
999686	-0.04611416969375576	-0.0136771469810189
999687	-0.04410123252558701	-0.013259958861110444
999688	-0.0411279352720557	-0.012551020141949783
999689	-0.037259251319721756	-0.011565450403468918
999690	-0.032579428299868596	-0.010324978323566866
999691	-0.027190171981704123	-0.008857422142419673
999692	-0.021208494498312653	-0.007195935719508146
999693	-0.014764261396554658	-0.00537806399962492
999694	-0.007997473353058743	-0.003444670649236363
999695	-0.001055295010221265	-0.0014388042549055738
999696	0.005911095328366175	0.0005954174414947741
999697	0.012749764811514273	0.002613842367349636
999698	0.019311345360185438	0.004573207510792674
999699	0.025452339240946267	0.006431938336415578
999700	0.031038329052393746	0.00815083384470677
999701	0.03594700728464513	0.00969366438660465
999702	0.04007096330511543	0.011027723956886542
999703	0.04332011577597557	0.012124366666012642
999704	0.04562369136203834	0.012959542592273866
999705	0.04693175140319334	0.01351434949088291
999706	0.04721622465088093	0.013775579141550457
999707	0.046471432887418535	0.013736219844728193
999708	0.0447141139945286	0.013395863027159935
999709	0.04198296116278775	0.012760956830467006
999710	0.03833771477941091	0.011844857328694334
999711	0.03385784238987602	0.010667638658006795
999712	0.02864077492193613	0.009255624590375829
999713	0.022799821872767263	0.0076406844116221105
999714	0.016461788090739594	0.005859329707150458
999715	0.009764316918660915	0.0039516686216429005
999716	0.0028529969233794758	0.0019602876541300186
999717	-0.004121725124013365	-0.0000708683182570084
999718	-0.011007776745245102	-0.002097557077157626
999719	-0.01765478971257212	-0.004076200112217352
999720	-0.023917434075311963	-0.005964717342086638
999721	-0.029658667033048786	-0.007723239436642646
999722	-0.03475281359039894	-0.009314723566655903
999723	-0.039088399696806074	-0.010705509621846023
999724	-0.042570658672083886	-0.0118658527818634
999725	-0.04512364190554769	-0.012770459313731839
999726	-0.04669188005377916	-0.013399036103417203
999727	-0.047241581658315004	-0.013736850821100339
999728	-0.04676130248498837	-0.0137752563285357
999729	-0.04526206170080162	-0.013512120497254858
999730	-0.042776993209405284	-0.012952121638203183
999731	-0.039360536978606496	-0.012106849795811296
999732	-0.035087202528725055	-0.010994673032902528
999733	-0.03004994134370937	-0.009640349331202065
999734	-0.024358164880012453	-0.008074390137545517
999735	-0.01813544537208233	-0.006332207551651697
999736	-0.01151692906411578	-0.004453098383075864
999737	-0.004646466112499579	-0.0024791250461758904
999738	0.002326442315969471	-0.0004539864314667757
999739	0.009249844387443067	0.0015780611272805717
999740	0.015972633695420402	0.0035731880615266576
999741	0.022347871759295403	0.005488855619402779
999742	0.028236058676195466	0.007284557817355187
999743	0.033508272667493795	0.00892246099510585
999744	0.03804911415307085	0.010367979488117926
999745	0.041759305520145854	0.011590311086726614
999746	0.04455789912774381	0.012562968616166775
999747	0.04638405027326976	0.013264326258050336
999748	0.04719830954733056	0.013678172242390733
999749	0.046983412483659184	0.013794239822060921
999750	0.04574456225153634	0.013608670970767563
999751	0.04350921759094717	0.013124357344404071
999752	0.04032642927346683	0.012351108756052777
999753	0.03626570915653107	0.011305584279649528
999754	0.031415461124266	0.010010957336991675
999755	0.02588107881826543	0.008496336310300338
999756	0.019782718737320817	0.006795960285677313
999757	0.013252781310810341	0.004948219322914732
999758	0.006433135547477865	0.0029945647201345105
999759	-0.0005278734462078271	0.0009783809631493774
999760	-0.007478594298842712	-0.0010561146981752409
999761	-0.01426736446591247	-0.0030648902146688303
999762	-0.0207458514290132	-0.005004998715680844
999763	-0.02677234812980414	-0.006835349929758884
999764	-0.03221494756593899	-0.008517371326916136
999765	-0.03695451439589437	-0.010015590729161323
999766	-0.04088737058072876	-0.011298176967184746
999767	-0.04392761990389142	-0.012337471375754614
999768	-0.04600905458027096	-0.013110531958207187
999769	-0.04708661932892852	-0.013599698070223962
999770	-0.04713731443619902	-0.013793128921541777
999771	-0.046160586613146426	-0.013685286093150213
999772	-0.044178233824082494	-0.013277308958789957
999773	-0.04123383291390682	-0.012577222886326418
999774	-0.03739172099160668	-0.011599931594655808
999775	-0.03273556630017502	-0.010366962257916192
999776	-0.02736656570048829	-0.008905955471100383
999777	-0.021401313239740486	-0.007249920749868452
999778	-0.014969340479175362	-0.005436290608576803
999779	-0.008210371949466826	-0.003505840298673517
999780	-0.001271379057096861	-0.0015015616415377203
999781	0.005696546039849604	0.0005324473111342255
999782	0.012541444527749824	0.0025520203541633487
999783	0.019113809092438053	0.00451385142630774
999784	0.0252698924588792	0.006376298789130145
999785	0.03087493918171497	0.00810007660835827
999786	0.03580624887673291	0.00964886051941327
999787	0.039955938093356576	0.010989833420796728
999788	0.0432333586692248	0.012094216386813466
999789	0.04556710488953215	0.01293780769594224
999790	0.04690655937303255	0.013501534280230734
999791	0.04722294566138157	0.013771998671219808
999792	0.046509873837384634	0.013741984498762265
999793	0.044783388005088604	0.013410871066413865
999794	0.04208154999426907	0.012784904170559991
999795	0.03846350195374001	0.011877240177875743
999796	0.03400811543719086	0.010707748365370027
999797	0.0288122753648124	0.009302561542888058
999798	0.022988818787265695	0.007693384253090055
999799	0.01666416345992553	0.005916596958490405
999800	0.009975661032828832	0.00401221438134755
999801	0.0030687109898131764	0.002022767461486376
999802	-0.003906328675448826	-7.821207303798075e-6
999803	-0.01079738746624383	-0.002035304730566858
999804	-0.01745400820938586	-0.004016074673972245
999805	-0.023730666460021886	-0.005907995447406417
999806	-0.029490015990221163	-0.007671119220663619
999807	-0.03460597628091102	-0.00926830502531963
999808	-0.03896657697669452	-0.01066577651691066
999809	-0.042476479468239764	-0.011833654557671372
999810	-0.04505912437879917	-0.012746497889472738
999811	-0.046658431482627	-0.013383860521322923
999812	-0.04723995316269922	-0.013730837987597494
999813	-0.046791539216559236	-0.013778586840205165
999814	-0.04532349926661003	-0.013524764098887284
999815	-0.04286827511795798	-0.012973828965968355
999816	-0.03947964977646201	-0.012137152659426987
999817	-0.03523152682423931	-0.011032894741044155
999818	-0.030216319728266456	-0.009685625703023906
999819	-0.024542994125914243	-0.008125701697727715
999820	-0.01833473984865996	-0.00638840374762846
999821	-0.011726371968946082	-0.004512919281042246
999822	-0.004861499285435856	-0.002541236361085876
999823	0.002110513140244921	-0.0005170177027719657
999824	0.009037738774622914	0.0015154810358522556
999825	0.01576898335848648	0.0035124000597689933
999826	0.02215711086371336	0.005431144773655937
999827	0.028062343158321693	0.007231136731302374
999828	0.033355413108544896	0.008874457054116968
999829	0.03792047750509673	0.01032641479176577
999830	0.041657723720069165	0.011556082634579079
999831	0.044485597457459294	0.0125368300882695
999832	0.04634259344080312	0.013246869113357873
999833	0.047188567326561105	0.013669806860809527
999834	0.04700554553561583	0.01379517886804482
999835	0.04579804537459488	0.013618924158700266
999836	0.04359289143188824	0.01314373684928749
999837	0.04043850005702518	0.01237921971223809
999838	0.03640375400840654	0.01134181866168155
999839	0.031576480531673654	0.010054506296890984
999840	0.02606156525200741	0.008546212958072369
999841	0.019978737616128978	0.006851030772461552
999842	0.013460062591891258	0.0050072391686317086
999843	0.006647172454464479	0.0030562160348594552
999844	-0.0003117264546499995	0.0010413066616161834
999845	-0.007265039365617568	-0.000993283279016375
999846	-0.01406106912375238	-0.0030035060603356353
999847	-0.0205513395477613	-0.0049463707898254345
999848	-0.026593888727567707	-0.006780718452509021
999849	-0.03205644927727935	-0.008467887034559515
999850	-0.03681942990329155	-0.009972296321718737
999851	-0.04077861770598027	-0.011261989691195443
999852	-0.04384755152234982	-0.012309174029616983
999853	-0.04595943400212326	-0.013090763617685408
999854	-0.04706854907861919	-0.013588929750429092
999855	-0.04715119358047715	-0.013791642179925031
999856	-0.04620610134968473	-0.013693157048460348
999857	-0.044254367621978256	-0.01329439724378331
999858	-0.04133889489067505	-0.012603168356599043
999859	-0.0375233908267652	-0.011634160715453078
999860	-0.03289096546730013	-0.010408708299668456
999861	-0.027542340016286734	-0.008954285487715891
999862	-0.02159367364158312	-0.007303750945244181
999863	-0.01517411814669591	-0.005494408842090464
999864	-0.008423110473793603	-0.003566942511196487
999865	-0.0014874369953068413	-0.001564290497851646
999866	0.005481886159772839	0.0004694655444772303
999867	0.012332863750108636	0.0024901430307666234
999868	0.01891584689962604	0.004454393191806555
999869	0.025086868958833775	0.006320514420341673
999870	0.030710872528589554	0.008049144030728237
999871	0.035664750532350104	0.0096038593490833
999872	0.03984012057100686	0.010951726307499198
999873	0.0431457572822697	0.012063831010175562
999874	0.045509616504839215	0.01291581812010444
999875	0.046880400283098	0.01348844196182635
999876	0.047228632327757626	0.013768115954316075
999877	0.0465472542443766	0.013747432571623888
999878	0.044851665249571585	0.013425576490943685
999879	0.04217925833881374	0.012808580889048963
999880	0.03858852245055762	0.011909384589732591
999881	0.03415772461942772	0.010747648159172049
999882	0.028983208659584432	0.009349314729873732
999883	0.023177346826507204	0.007745927243986608
999884	0.016866179406525943	0.005973738866306989
999885	0.010186777789462666	0.0040726738213853
999886	0.0032843532648369513	0.002085206357116681
999887	-0.003690848918307509	0.00005522962746762794
999888	-0.010586777516230807	-0.001973009027831321
999889	-0.01725288289666646	-0.003955869549261269
999890	-0.02354343561561497	-0.005851158144108501
999891	-0.029320776149133414	-0.007618846649326066
999892	-0.03445841095702258	-0.00922169445509004
999893	-0.03884388108444451	-0.010625809953179154
999894	-0.04238132940928734	-0.011801191775761508
999895	-0.04499362174641938	-0.01272226135369507
999896	-0.04662402314824434	-0.013368410664383368
999897	-0.04723739094468518	-0.013724553684416977
999898	-0.046820862678779454	-0.013781648054727334
999899	-0.045384038336522034	-0.013537138487531623
999900	-0.042958671435033784	-0.01299526535222638
999901	-0.03959789723463295	-0.01216718444015516
999902	-0.0353750485150873	-0.011070860036427791
999903	-0.03038202700507369	-0.009730684309261644
999904	-0.024727311798817903	-0.008176843559403183
999905	-0.01853367053975121	-0.006444473730337649
999906	-0.011935586125056633	-0.004572652900723827
999907	-0.005076434661960036	-0.0026032983745488915
999908	0.0018945447258813261	-0.0005800399743555514
999909	0.008825440778194832	0.0014528652435339582
999910	0.015564975962524258	0.0034515295272175687
999911	0.021965850434056296	0.005373310767594829
999912	0.02788802762537925	0.007177562066357861
999913	0.033201877118903364	0.008826274504406765
999914	0.03779109582602619	0.010284648290801961
999915	0.04155532690741867	0.011521629363403552
999916	0.04441240360777803	0.012510442125945532
999917	0.04630015848143057	0.013229134527409689
999918	0.047177767820706436	0.013661135811962188
999919	0.04702660778026416	0.013795801960346712
999920	0.045850532397136746	0.013628878340288919
999921	0.04367567306670888	0.013162844989274735
999922	0.040549773986804316	0.012407085304766556
999923	0.03654108842247492	0.011377830661857912
999924	0.031736872053086285	0.010097854203063404
999925	0.026241510330043592	0.008595911492296918
999926	0.020174315972755347	0.0069059517497524125
999927	0.01366703508278315	0.005066148311378297
999928	0.00686106022202373	0.0031178034907579436
999929	-0.0000955719293629061	0.0011042138784352845
999930	-0.0070513376693311395	-0.0009304300729621555
999931	-0.013854498840850193	-0.002942062434500528
999932	-0.02035642502118229	-0.004887645557900961
999933	-0.026414889671638804	-0.006725949903510895
999934	-0.03189725854023959	-0.008418222760471368
999935	-0.036683506745460635	-0.009928780283385575
999936	-0.04066894400818462	-0.01122555361613026
999937	-0.04376654848521751	-0.012280617524875019
999938	-0.04590888535239907	-0.013070732055402844
999939	-0.04704955601443793	-0.013577895269204688
999940	-0.047164149682770926	-0.013789885396037121
999941	-0.04625068750400577	-0.013700751772927188
999942	-0.04432956609260998	-0.013311201128059391
999943	-0.041443031347811035	-0.012628825820544212
999944	-0.037654207999599024	-0.011668119884056765
999945	-0.033045651852181786	-0.010450225772484383
999946	-0.027717553061060846	-0.00900243227402162
999947	-0.02178560983280836	-0.007357437805921184
999948	-0.015378599035309205	-0.0055524202060663
999949	-0.008635678750796762	-0.0036279744540818728
999950	-0.0017034605855042592	-0.0016269891318728485
999951	0.005267107148803742	0.000406469041733679
999952	0.012124002702326423	0.0024282049241784545
999953	0.018717466625661767	0.004394834769155411
999954	0.024903321296646876	0.006264598198963714
999955	0.03054619247946752	0.007998051479767745
999956	0.03552255506202526	0.009558671339585304
999957	0.03972351871782302	0.010913405092132551
999958	0.04305727530904715	0.012033202117541775
999959	0.045451142061184016	0.012893552019673573
999960	0.04685317415016205	0.013475044711979672
999961	0.04723325652918721	0.013763923295348892
999962	0.04658364764486821	0.013752587481636915
999963	0.044919040833139426	0.013440010336351206
999964	0.04227614140910502	0.012832005802282567
999965	0.038712786909280844	0.011941294421261262
999966	0.03430664512325419	0.010787329516034108
999967	0.02915352679579288	0.009395867952076609
999968	0.023365353913716136	0.007798296504539461
999969	0.017067810375645743	0.006030747122254074
999970	0.010397673408365136	0.0041330480786776905
999971	0.0034999303140765973	0.002147605476914057
999972	-0.003475294988774455	0.00011828106257705793
999973	-0.010375961624191663	-0.0019106740653908644
999974	-0.017051417015956544	-0.003895585527944643
999975	-0.023355716965940552	-0.005794199617725142
999976	-0.029150886775828343	-0.007566407726599771
999977	-0.034310056609049615	-0.009174877478275867
999978	-0.03872032564508211	-0.010585612820433011
999979	-0.04228529720354567	-0.011768486031349511
999980	-0.04492722368197176	-0.012697772751440411
999981	-0.04658870420406515	-0.013352700270079518
999982	-0.04723389719439047	-0.013717999044407903
999983	-0.04684922839571363	-0.01378442648655085
999984	-0.04544359363443778	-0.013549215794800165
999985	-0.043048092089149004	-0.013016400590572108
999986	-0.03971525730991764	-0.012196938190540981
999987	-0.03551782349309669	-0.011108588741487358
999988	-0.03054712596273225	-0.009775547117170522
999989	-0.024911146383943747	-0.008227825523387935
999990	-0.018732236697770282	-0.0065004173549302
999991	-0.012144556458140738	-0.00463229493075492
999992	-0.005291259399498918	-0.002665308148302484
999993	0.0016785353612272836	-0.0006430545225206159
999994	0.008612944487461862	0.0013902120679322905
999995	0.015360632506131471	0.003390582200666627
999996	0.021774139982380862	0.005315366340308909
999997	0.027713161453305487	0.007123846053295127
999998	0.033047692757204976	0.008777920330252917
999999	0.037660977485777215	0.01024268228711691
1000000	0.041452067528305506	0.011486937481774467