999000	0.057931700781706515	0.06658348447331641
999001	0.057601005642217686	0.06640241849638767
999002	0.057268806290119094	0.06621688844474921
999003	0.05693511375469162	0.06602692291117943
999004	0.05659993906521613	0.06583255048845674
999005	0.056263293250962694	0.06563379976954686
999006	0.055925186042036	0.06543070191913508
999007	0.05558562235925971	0.0652232937523685
999008	0.05524460601248275	0.06501161242292301
999009	0.054902140811554034	0.06479569508447447
999010	0.054558230566322474	0.0645755788906987
999011	0.054212879086636995	0.0643513009952716
999012	0.05386609018234652	0.06412289855186902
999013	0.05351786766329996	0.06389040871416682
999014	0.053168215339346236	0.06365386863584084
999015	0.052817137020334276	0.06341331547056697
999016	0.05246463651611298	0.06316878637202104
999017	0.05211071763653129	0.06292031849387894
999018	0.05175538327703275	0.0626679503615073
999019	0.051398631967463373	0.06241172523966845
999020	0.05104046114013615	0.06215168658394667
999021	0.05068086823737295	0.061887877816881674
999022	0.05031985070149564	0.0616203423610132
999023	0.049957405974826063	0.06134912363888097
999024	0.0495935314996861	0.061074265073024714
999025	0.0492282247183976	0.06079581008598416
999026	0.04886148307328242	0.06051380210029905
999027	0.04849330400666243	0.060228284538509105
999028	0.04812368496085949	0.059939300823154046
999029	0.04775262337819545	0.05964689437677362
999030	0.047380116169026605	0.059351109247684546
999031	0.04700615665919308	0.05905199291300795
999032	0.04663073741459597	0.05874959278112569
999033	0.04625385108151628	0.058443956123569535
999034	0.04587549030623507	0.058135130211871305
999035	0.04549564773503337	0.057823162317562786
999036	0.04511431601419222	0.05750809971217578
999037	0.04473148778999265	0.05718998966724208
999038	0.04434715570871572	0.05686887945429348
999039	0.04396131241664244	0.05654481634486179
999040	0.04357395056005387	0.056217847610478794
999041	0.04318506278523104	0.055888020522676295
999042	0.04279464148199145	0.0555553825695651
999043	0.04240267631878383	0.055219983279260344
999044	0.042009156981025635	0.054881871706479055
999045	0.04161407346420957	0.0545410966028827
999046	0.04121741576382835	0.05419770672013276
999047	0.0408191738753747	0.0538517508098907
999048	0.04041933779434132	0.05350327762381802
999049	0.040017897516220945	0.053152335913576175
999050	0.03961484303650629	0.05279897443082666
999051	0.03921016435069006	0.05244324192723093
999052	0.03880385145426498	0.05208518715445048
999053	0.03839589392101879	0.05172485915554075
999054	0.037986280268217466	0.051362307292308486
999055	0.0375749998647636	0.0509975799114772
999056	0.03716204214624331	0.05063072530123586
999057	0.0367473965482427	0.05026179174977341
999058	0.036331052506347904	0.04989082754527882
999059	0.03591299945614504	0.04951788097594105
999060	0.03549322683322022	0.04914300032994907
999061	0.03507172407315957	0.04876623389549182
999062	0.0346484806115492	0.04838762996075828
999063	0.034223485883975245	0.0480072368139374
999064	0.03379672875928611	0.047625102991608395
999065	0.03336819887968326	0.047241275735787625
999066	0.032937886945015336	0.04685580131518204
999067	0.03250578365551999	0.04646872599820983
999068	0.03207187971143489	0.04608009605328917
999069	0.03163616581299767	0.045689957748838245
999070	0.03119863266044601	0.04529835735327522
999071	0.030759270954017558	0.04490534113501828
999072	0.030318071393949965	0.044510955362485616
999073	0.029875024680480894	0.0441152463040954
999074	0.029430121476398736	0.04371826025035716
999075	0.02898335245798973	0.04332004304919313
999076	0.028534710721519023	0.04292063804801399
999077	0.028084189971409542	0.042520088080644475
999078	0.027631783912084228	0.04211843598090931
999079	0.027177486247966006	0.041715724582633215
999080	0.02672129068347781	0.04131199671964094
999081	0.026263190923042575	0.04090729522575721
999082	0.025803180671083233	0.04050166293480674
999083	0.02534125363202271	0.040095142680614274
999084	0.02487740351028394	0.03968777729700453
999085	0.024411623954180242	0.0392796096196301
999086	0.023943910113841456	0.0388706806862761
999087	0.02347425998046893	0.0384610288581449
999088	0.02300267175834343	0.038050692321610353
999089	0.022529143651745725	0.03763970926304635
999090	0.02205367386495659	0.03722811786882677
999091	0.021576260602256783	0.03681595632532549
999092	0.02109690206792708	0.036403262818916385
999093	0.020615596466248255	0.03599007553597334
999094	0.020132342001501068	0.035576432662870215
999095	0.019647136877966292	0.035162372385980904
999096	0.019159979501924086	0.034747932620401614
999097	0.018670871555380563	0.034333147921766505
999098	0.018179816881427256	0.033918050813547325
999099	0.017686819347985536	0.033502673798510366
999100	0.017191882822976783	0.033087049379421904
999101	0.016695011174322365	0.03267121005904824
999102	0.016196208269943665	0.03225518834015565
999103	0.01569547797776205	0.03183901672551041
999104	0.015192824165698901	0.03142272771787882
999105	0.014688250701675589	0.03100635382002716
999106	0.01418176145256067	0.03058992753579279
999107	0.013673361319565078	0.0301734803252077
999108	0.013163059536105543	0.029757039270171943
999109	0.01265086640837608	0.02934063036745749
999110	0.012136792242570688	0.028924279613836316
999111	0.011620847344883375	0.028508013006080385
999112	0.01110304202150815	0.028091856540961677
999113	0.010583386578639015	0.027675836215252155
999114	0.01006189132246998	0.027259978025723792
999115	0.009538566559195048	0.02684430796914856
999116	0.009013422595008227	0.02642885204229843
999117	0.00848646975826559	0.02601363623155855
999118	0.007957720703865091	0.025598684225135827
999119	0.007427192195397872	0.02518401529852903
999120	0.006894901403114283	0.02476964825703977
999121	0.006360865497264673	0.024355601905969665
999122	0.005825101648099393	0.02394189505062033
999123	0.005287627025868791	0.023528546496293372
999124	0.00474845880082322	0.02311557504829041
999125	0.0042076141432130275	0.02270299951191306
999126	0.0036651102232885644	0.02229083869246293
999127	0.003120964211300181	0.02187911139524164
999128	0.002575193361301745	0.021467836365943013
999129	0.0020278178653852764	0.0210570293768621
999130	0.0014788615343133828	0.02064670193940243
999131	0.0009283483996793958	0.02023686523854453
999132	0.0003763024930766483	0.019827530459268928
999133	-0.0001772521539015249	0.019418708786556143
999134	-0.0007322915096617927	0.0190104114053867
999135	-0.0012887915426108214	0.01860264950074113
999136	-0.0018467282211552774	0.018195434257599955
999137	-0.002406077513701829	0.017788776860943697
999138	-0.0029668153886571423	0.017382688495752887
999139	-0.003528917677982862	0.016977180242355918
999140	-0.004092357077089017	0.016572259831280554
999141	-0.004657103275457897	0.01616793101704763
999142	-0.005223125855228253	0.01576419732313616
999143	-0.005790394398538833	0.015361062273025142
999144	-0.006358878487528385	0.014958529390193579
999145	-0.006928547704335658	0.014556602198120477
999146	-0.007499371631099401	0.014155284220284841
999147	-0.008071319849958365	0.013754578980165674
999148	-0.008644361943051295	0.013354490001241979
999149	-0.009218467492516941	0.012955020806992764
999150	-0.009793605891619128	0.012556174759207131
999151	-0.01036974343830804	0.012157951642627162
999152	-0.010946844158207195	0.011760347777051774
999153	-0.011524872053585704	0.011363359343283032
999154	-0.012103791126712678	0.010966982522122998
999155	-0.012683565379857228	0.010571213494373734
999156	-0.01326415881528847	0.0101760484408373
999157	-0.013845535435275513	0.009781483542315764
999158	-0.014427659242087467	0.009387514979611183
999159	-0.015010494237993447	0.008994138933525624
999160	-0.015594004425262565	0.008601351584861144
999161	-0.01617815357313525	0.008209148885844944
999162	-0.016762902624054644	0.00781752318233793
999163	-0.01734821100892532	0.007426464073139291
999164	-0.01793403818895776	0.007035961100510044
999165	-0.01852034362536243	0.006646003806711199
999166	-0.019107086779349823	0.006256581734003766
999167	-0.01969422711213041	0.005867684424648759
999168	-0.020281724084914677	0.005479301420907188
999169	-0.0208695371589131	0.005091422265040066
999170	-0.02145762579533616	0.004704036499308404
999171	-0.022045949455394332	0.004317133665973214
999172	-0.02263446734040592	0.00393070300907377
999173	-0.023223136286429618	0.003544730387438411
999174	-0.023811912319853242	0.0031591997896703882
999175	-0.024400751523554722	0.002774095213895553
999176	-0.02498960998041199	0.0023894006582397573
999177	-0.025578443773302977	0.0020051001208288522
999178	-0.026167208985105612	0.00162117759978869
999179	-0.026755861698697828	0.0012376170932451211
999180	-0.027344357996957554	0.0008544025993239976
999181	-0.027932653962762725	0.000471518116151171
999182	-0.028520705678991273	0.00008894764185249304
999183	-0.029108468966150998	-0.00029332518499717436
999184	-0.029695897876147005	-0.0006753196043929504
999185	-0.03028294623261759	-0.0010570557581493496
999186	-0.030869567920923716	-0.00143855373288533
999187	-0.031455716826426325	-0.0018198336152198472
999188	-0.03204134683448637	-0.0022009154917718584
999189	-0.032626411830464795	-0.00258181944916032
999190	-0.033210865699722564	-0.002962565574004189
999191	-0.03379466232762061	-0.003343173952922421
999192	-0.034377755599519895	-0.0037236646725339745
999193	-0.03496009940078137	-0.004104057819457804
999194	-0.03554164738035766	-0.004484373871770135
999195	-0.036122352081110864	-0.004864635372547464
999196	-0.03670216624526053	-0.0052448648134601865
999197	-0.037281042668731924	-0.005625084608854978
999198	-0.03785893414745032	-0.006005317173078513
999199	-0.038435793477340996	-0.0063855849204774665
999200	-0.03901157345432922	-0.006765910265398514
999201	-0.039586226874340276	-0.007146315622188328
999202	-0.04015970653329942	-0.0075268234051935855
999203	-0.04073196522713195	-0.007907456028760959
999204	-0.041302955751763105	-0.008288235907237125
999205	-0.04187263081129486	-0.008669185650276606
999206	-0.04244094253107408	-0.009050329133195888
999207	-0.04300784349769636	-0.009431689307916699
999208	-0.04357328641564334	-0.009813288880256035
999209	-0.04413722398939667	-0.010195150556030888
999210	-0.04469960892343799	-0.010577297041058253
999211	-0.04526039392224894	-0.010959751041155125
999212	-0.04581953169031118	-0.011342535262138494
999213	-0.04637697493210633	-0.011725672409825357
999214	-0.04693267635211605	-0.012109185190032708
999215	-0.047486588654821985	-0.01249309630857754
999216	-0.04803866452036212	-0.012877428543182766
999217	-0.04858885646756777	-0.013262205251289544
999218	-0.049137117766583645	-0.013647447807486878
999219	-0.0496834018933174	-0.014033177009433706
999220	-0.05022766232367669	-0.014419413654788967
999221	-0.05076985253356915	-0.014806178541211593
999222	-0.05130992599890244	-0.01519349246636052
999223	-0.051847836195584196	-0.015581376227894688
999224	-0.052383536599522065	-0.01596985062347303
999225	-0.052916980686623705	-0.016358936450754483
999226	-0.05344812193279675	-0.01674865450739798
999227	-0.05397691381084587	-0.017139025603558317
999228	-0.054503309857310056	-0.017530070691598898
999229	-0.055027264690172266	-0.017921807626724285
999230	-0.05554873328004025	-0.018314253088319684
999231	-0.05606767059752175	-0.0187074237557703
999232	-0.0565840316132245	-0.01910133630846134
999233	-0.05709777129775626	-0.01949600742577801
999234	-0.057608844621724775	-0.019891453787105516
999235	-0.05811720655573779	-0.020287692071829063
999236	-0.05862281207040304	-0.020684738959333857
999237	-0.05912561613632828	-0.021082611129005106
999238	-0.05962557372412126	-0.021481325260228015
999239	-0.06012263994245428	-0.02188089792106269
999240	-0.06061677128495195	-0.022281341707517742
999241	-0.061107924859488454	-0.022682667076242606
999242	-0.06159605777442847	-0.023084884481683943
999243	-0.06208112713813667	-0.023488004378288425
999244	-0.06256309005897773	-0.023892037220502725
999245	-0.06304190364531632	-0.02429699346277351
999246	-0.06351752500551713	-0.024702883559547452
999247	-0.06398991124794483	-0.02510971796527122
999248	-0.06445901948096411	-0.025517507134391482
999249	-0.06492480681293962	-0.02592626152135491
999250	-0.06538723046440673	-0.026335991400668033
999251	-0.06584624925895971	-0.02674670254269585
999252	-0.06630182307091685	-0.02715839733388515
999253	-0.06675391178811407	-0.027571078109415916
999254	-0.06720247529838727	-0.027984747204468134
999255	-0.06764747348957235	-0.028399406954221787
999256	-0.06808886624950523	-0.02881505969385686
999257	-0.06852661346602183	-0.029231707758553334
999258	-0.06896067502695805	-0.029649353483491195
999259	-0.0693910108201498	-0.030067999203850428
999260	-0.06981758073343299	-0.030487647254811012
999261	-0.07024034470714925	-0.030908299835624604
999262	-0.07065926435041932	-0.03132995455638299
999263	-0.07107430298904373	-0.031752604244251637
999264	-0.07148542401659443	-0.032176241535031305
999265	-0.07189259082664332	-0.03260085906452277
999266	-0.07229576681276234	-0.0330264494685268
999267	-0.07269491536852342	-0.03345300538284416
999268	-0.07308999988749848	-0.03388051944327563
999269	-0.07348098376325947	-0.03430898428562196
999270	-0.07386783038937829	-0.03473839254568393
999271	-0.07425050315942688	-0.035168736859262306
999272	-0.07462896536911814	-0.03560001005282479
999273	-0.07500318126228235	-0.03603220226554006
999274	-0.07537311850687077	-0.03646529549484179
999275	-0.07573874517942153	-0.03689927081349793
999276	-0.0761000293564728	-0.037334109294276455
999277	-0.07645693911456268	-0.03776979200994533
999278	-0.07680944253022934	-0.03820630003327253
999279	-0.07715750768001091	-0.03864361443702601
999280	-0.07750110264044553	-0.039081716293973744
999281	-0.07784019548807133	-0.03952058667688369
999282	-0.07817475429942648	-0.03996020665852382
999283	-0.07850474715104909	-0.040400557311662096
999284	-0.07883014211947732	-0.04084161970906649
999285	-0.07915090764600621	-0.041283373505593995
999286	-0.07946701618480016	-0.04172578990409129
999287	-0.07977844211731272	-0.042168837050773594
999288	-0.08008515982867316	-0.04261248308895942
999289	-0.08038714370401072	-0.0430566961619673
999290	-0.08068436812845467	-0.04350144441311575
999291	-0.08097680748713425	-0.04394669598572331
999292	-0.08126443616517873	-0.04439241902310849
999293	-0.08154722854771736	-0.04483858166858981
999294	-0.0818251590198794	-0.04528515206548581
999295	-0.0820982019667941	-0.04573209835711501
999296	-0.08236633177359072	-0.04617938868679593
999297	-0.08262952279401457	-0.0466269910376524
999298	-0.08288775176378681	-0.04707486789127235
999299	-0.08314100048669093	-0.04752297498509742
999300	-0.08338925129492938	-0.04797126764493217
999301	-0.08363248652070465	-0.048419701196581115
999302	-0.08387068849621918	-0.0488682309658488
999303	-0.08410383955367538	-0.04931681227853977
999304	-0.08433192202527577	-0.049765400460458555
999305	-0.08455491824322275	-0.0502139508374097
999306	-0.08477281053971882	-0.05066241873519773
999307	-0.0849855812469664	-0.0511107594796272
999308	-0.08519321269716794	-0.05155892839650263
999309	-0.08539568722252591	-0.05200688081162858
999310	-0.08559298763327011	-0.052454570219491625
999311	-0.08578510279335963	-0.05290194225953351
999312	-0.08597202475538668	-0.05334894060905954
999313	-0.08615374558334012	-0.053795508949244106
999314	-0.08633025734120885	-0.0542415909612616
999315	-0.08650155209298171	-0.05468713032628641
999316	-0.08666762190264762	-0.055132070725492935
999317	-0.08682845883419543	-0.055576355840055575
999318	-0.08698405495161401	-0.056019929351148724
999319	-0.08713440231889226	-0.05646273493994677
999320	-0.08727949300001903	-0.056904716287624106
999321	-0.08741931905898319	-0.05734581707535513
999322	-0.08755387253855193	-0.05778598074121418
999323	-0.08768314890781477	-0.05822514553704147
999324	-0.08780715084962319	-0.0586632457867886
999325	-0.08792588183349746	-0.05910021586460411
999326	-0.08803934532895784	-0.05953599014463651
999327	-0.0881475448055246	-0.05997050300103434
999328	-0.08825048373271803	-0.06040368880794613
999329	-0.08834816558005837	-0.0608354819395204
999330	-0.08844059381706591	-0.06126581676990568
999331	-0.08852777191326092	-0.061694627673250506
999332	-0.08860970333816366	-0.0621218490237034
999333	-0.0886863915612944	-0.06254741519541289
999334	-0.08875784005217344	-0.06297126056252751
999335	-0.08882405311320479	-0.06339331762714408
999336	-0.08888504290660904	-0.06381351433528698
999337	-0.08894082550598066	-0.06423177925833218
999338	-0.08899141700277947	-0.06464804099527327
999339	-0.08903683348846535	-0.0650622281451038
999340	-0.08907709105449808	-0.06547426930681738
999341	-0.08911220579233753	-0.06588409307940755
999342	-0.08914219379344351	-0.0662916280618679
999343	-0.08916707114927588	-0.066696802853192
999344	-0.08918685395129446	-0.06709954605237342
999345	-0.08920155829095906	-0.06749978625840573
999346	-0.08921120025972956	-0.06789745207028251
999347	-0.08921579600137551	-0.06829247180599254
999348	-0.08921536617575655	-0.06868477038950249
999349	-0.08920993912426925	-0.06907427435193562
999350	-0.0891995439201711	-0.06946091109710072
999351	-0.0891842096367196	-0.06984460802880654
999352	-0.08916396534717225	-0.07022529255086186
999353	-0.08913884012478655	-0.07060289206707548
999354	-0.08910886304282	-0.07097733398125616
999355	-0.0890740631745301	-0.07134854569721268
999356	-0.08903446959317432	-0.0717164546187538
999357	-0.0889901113720102	-0.0720809881496883
999358	-0.08894101758429522	-0.07244207369382498
999359	-0.08888721730328689	-0.0727996386549726
999360	-0.08882874096328708	-0.07315360900971786
999361	-0.08876562693069434	-0.07350391186869121
999362	-0.0886979164034455	-0.07385047864965219
999363	-0.08862565058157514	-0.07419324084241685
999364	-0.08854887066511781	-0.07453212993680126
999365	-0.08846761785410809	-0.07486707742262148
999366	-0.08838193334858055	-0.07519801478969355
999367	-0.08829185834856973	-0.07552487352783355
999368	-0.08819743405411022	-0.07584758512685749
999369	-0.08809870166523658	-0.07616608107658147
999370	-0.08799570238198337	-0.07648029286682152
999371	-0.08788847740438516	-0.07679015198739371
999372	-0.08777706809100219	-0.07709558969472297
999373	-0.08766152070136517	-0.07739653703279345
999374	-0.08754188623203635	-0.07769293324568384
999375	-0.08741821573497671	-0.07798471933116716
999376	-0.08729056026214715	-0.0782718362870164
999377	-0.08715897086550864	-0.07855422511100461
999378	-0.08702349859702208	-0.0788318268009048
999379	-0.08688419450864841	-0.07910458235448999
999380	-0.08674110965234859	-0.0793724327695332
999381	-0.08659429508008351	-0.07963531904380745
999382	-0.08644380184381414	-0.07989318217508576
999383	-0.08628968099550141	-0.08014596316114116
999384	-0.08613198358710623	-0.08039360299974666
999385	-0.08597076286786884	-0.08063604467439012
999386	-0.08580607743182417	-0.08087323990841228
999387	-0.08563798417835253	-0.08110514211257683
999388	-0.08546653991873499	-0.08133170466187992
999389	-0.08529180146425268	-0.08155288093131771
999390	-0.08511382562618669	-0.08176862429588634
999391	-0.08493266921581813	-0.08197888813058195
999392	-0.0847483890444281	-0.08218362581040072
999393	-0.0845610419232977	-0.08238279071033876
999394	-0.08437068467018977	-0.08257633620209608
999395	-0.08417737578613191	-0.08276421763933077
999396	-0.08398117487207782	-0.08294639959128153
999397	-0.08378214087736614	-0.08312284905062849
999398	-0.08358033275133558	-0.08329353301005171
999399	-0.08337580944332483	-0.08345841846223132
999400	-0.08316862990267257	-0.0836174723998474
999401	-0.08295885307871748	-0.08377066181558006
999402	-0.08274653792079825	-0.08391795370210939
999403	-0.08253174337825356	-0.08405931505211549
999404	-0.08231452852991056	-0.0841947128895238
999405	-0.0820949536276752	-0.08432411910052519
999406	-0.08187307720415836	-0.08444751470222792
999407	-0.08164895725104052	-0.08456488167367555
999408	-0.08142265176000214	-0.08467620199391167
999409	-0.08119421872272375	-0.08478145764197983
999410	-0.08096371613088582	-0.08488063059692359
999411	-0.08073120197616883	-0.08497370283778653
999412	-0.08049673425025326	-0.0850606563436122
999413	-0.08026037094481961	-0.08514147309344419
999414	-0.08002217034191994	-0.08521613560824512
999415	-0.07978218986840187	-0.08528463477121812
999416	-0.07954048377847706	-0.0853469680202426
999417	-0.07929710610937704	-0.08540313296776075
999418	-0.07905211089833336	-0.08545312722621481
999419	-0.07880555218257755	-0.085496948408047
999420	-0.07855748399934116	-0.08553459412569953
999421	-0.07830796038585569	-0.08556606199161462
999422	-0.07805703537935271	-0.08559134961823449
999423	-0.07780476301706374	-0.08561045461800135
999424	-0.07755119738341676	-0.08562337650085455
999425	-0.07729638864126312	-0.0856301248326421
999426	-0.07704038413438673	-0.08563071247682966
999427	-0.0767832311892752	-0.08562515229813918
999428	-0.0765249771324162	-0.08561345716129258
999429	-0.07626566929029732	-0.08559563993101181
999430	-0.07600535498940622	-0.08557171347201876
999431	-0.07574408155623054	-0.08554169064903538
999432	-0.07548189631725788	-0.08550558432678362
999433	-0.07521884661198894	-0.08546340738975271
999434	-0.07495497857770682	-0.085415176930521
999435	-0.07469033217433843	-0.08536091882324173
999436	-0.07442494584129135	-0.08530065997628107
999437	-0.07415885801797312	-0.08523442729800518
999438	-0.07389210714379134	-0.08516224769678021
999439	-0.07362473165815356	-0.08508414808097234
999440	-0.07335677000046734	-0.08500015535894773
999441	-0.07308826061014025	-0.08491029643907251
999442	-0.07281924192657986	-0.08481459822971288
999443	-0.07254975235356667	-0.08471308792627051
999444	-0.07227982656763343	-0.08460579895366063
999445	-0.07200949316549822	-0.08449277019650829
999446	-0.07173878022225849	-0.08437404065679849
999447	-0.07146771581301169	-0.0842496493365163
999448	-0.07119632801285525	-0.08411963523764673
999449	-0.07092464489688663	-0.08398403736217486
999450	-0.07065269454020329	-0.08384289471208567
999451	-0.07038050501790266	-0.08369624628936423
999452	-0.07010810440508221	-0.08354413109599558
999453	-0.06983552039249354	-0.08338658904498406
999454	-0.06956277460341267	-0.08322366656296508
999455	-0.06928988404613674	-0.08305541247334153
999456	-0.06901686562412666	-0.08288187556620485
999457	-0.06874373624084336	-0.08270310463164654
999458	-0.06847051279974774	-0.08251914845975805
999459	-0.06819721220430074	-0.08233005584063084
999460	-0.06792385135796325	-0.08213587556435638
999461	-0.06765044716419621	-0.08193665642102614
999462	-0.06737701652646054	-0.08173244720073158
999463	-0.06710357570641365	-0.08152329758749083
999464	-0.06683013436711382	-0.081309262552202
999465	-0.06655669831626712	-0.08109039810043409
999466	-0.06628327331489581	-0.08086676015123477
999467	-0.06600986512402215	-0.08063840462365168
999468	-0.06573647950466845	-0.08040538743673253
999469	-0.06546312221785695	-0.08016776450952495
999470	-0.06518979902460993	-0.07992559176107662
999471	-0.06491651568594967	-0.0796789251104352
999472	-0.06464327796289841	-0.07942782047664836
999473	-0.06437009090879792	-0.07917233448386796
999474	-0.06409695324694863	-0.07891252736979855
999475	-0.06382386054878149	-0.07864845945360613
999476	-0.06355080837710544	-0.0783801909499643
999477	-0.06327779229472946	-0.07810778207354664
999478	-0.06300480786446251	-0.07783129303902676
999479	-0.06273185064911355	-0.07755078406107825
999480	-0.06245891621149152	-0.07726631535437471
999481	-0.06218600011440541	-0.07697794713358973
999482	-0.06191309792066416	-0.07668573961339689
999483	-0.0616402044905392	-0.07638975351258
999484	-0.06136730903788721	-0.07609005154021777
999485	-0.06109439844590005	-0.07578669568394462
999486	-0.060821459625638286	-0.075479747817981
999487	-0.0605484794881625	-0.07516926981654731
999488	-0.06027544494453325	-0.07485532355386401
999489	-0.06000234290581111	-0.07453797090415151
999490	-0.059729160283056644	-0.07421727374163024
999491	-0.059455883987330434	-0.07389329394052065
999492	-0.059182500929693044	-0.07356609337504313
999493	-0.05890899737918367	-0.07323573423173944
999494	-0.058635354936529945	-0.07290227922606772
999495	-0.0583615537336245	-0.07256578971964416
999496	-0.058087573962257104	-0.07222632695988707
999497	-0.05781339581421754	-0.07188395219421481
999498	-0.05753899948129556	-0.0715387266700457
999499	-0.057264365155280945	-0.07119071163479807
999500	-0.05698947302796347	-0.07083996833589025
999501	-0.056714303291132896	-0.07048655802074061
999502	-0.056438836136579004	-0.07013054193676745
999503	-0.056163051214700624	-0.06977198147552979
999504	-0.055886924665425323	-0.0694109373270904
999505	-0.05561043199200949	-0.0690474683651648
999506	-0.05533354878242536	-0.06868163335498992
999507	-0.05505625062464518	-0.06831349106180273
999508	-0.05477851310664119	-0.06794310025084017
999509	-0.05450031181638564	-0.06757051968733922
999510	-0.05422162234185079	-0.0671958081365368
999511	-0.05394242027100886	-0.06681902436366988
999512	-0.0536626811918321	-0.0664402271339754
999513	-0.05338238027207433	-0.06605947522184658
999514	-0.05310149038546538	-0.06567682573927762
999515	-0.05281998452798302	-0.06529233367119887
999516	-0.05253783579749286	-0.06490605390375494
999517	-0.05225501729186054	-0.06451804132309043
999518	-0.05197150210895166	-0.06412835081534994
999519	-0.051687263346631866	-0.06373703726667809
999520	-0.05140227410276678	-0.06334415556321947
999521	-0.051116507475222006	-0.06294976059111869
999522	-0.050829936561863194	-0.06255390723652035
999523	-0.05054253416146537	-0.06215665031524649
999524	-0.050254271946432276	-0.06175804233671997
999525	-0.049965122390797256	-0.061358133410337475
999526	-0.04967505808255066	-0.06095697354885189
999527	-0.04938405160968282	-0.060554612765016134
999528	-0.04909207556018409	-0.060151101071583106
999529	-0.048799102522044814	-0.05974648848130571
999530	-0.04850510508325533	-0.059340825006936854
999531	-0.04821005583180599	-0.05893416066122944
999532	-0.04791392735568712	-0.05852654545693638
999533	-0.047616692124682634	-0.05811802933728311
999534	-0.04731832234494799	-0.05770865987235438
999535	-0.0470187916422951	-0.05729848175703489
999536	-0.04671807386408747	-0.05688753951565338
999537	-0.04641614285768857	-0.05647587767253856
999538	-0.046112972470461915	-0.056063540752019164
999539	-0.04580853654977099	-0.055650573278423904
999540	-0.045502808942979284	-0.05523701977608151
999541	-0.045195763497450296	-0.0548229247693207
999542	-0.04488737406054751	-0.0544083327824702
999543	-0.044577614443447586	-0.05399328830695835
999544	-0.044266458777189814	-0.053577833735733583
999545	-0.043953883280621005	-0.053162008136974755
999546	-0.04363986455216581	-0.052745850284390286
999547	-0.04332437919024888	-0.052329398951688574
999548	-0.0430074037932949	-0.05191269291257804
999549	-0.04268891495972852	-0.05149577094076707
999550	-0.0423688892879744	-0.0510786718099641
999551	-0.0420473033764572	-0.05066143429387752
999552	-0.04172413382360158	-0.05024409716621574
999553	-0.04139935722016629	-0.04982669919263644
999554	-0.04107295074360246	-0.04940927748001519
999555	-0.04074489430429609	-0.04899186550857361
999556	-0.04041516843071423	-0.04857449628359793
999557	-0.0400837536513239	-0.048157202810374375
999558	-0.039750630494592126	-0.047740018094189166
999559	-0.039415779488985954	-0.04732297514032853
999560	-0.039079181162972404	-0.04690610695407868
999561	-0.03874081604501851	-0.04648944654072586
999562	-0.0384006646635913	-0.04607302690555627
999563	-0.03805870754694928	-0.04565688105369642
999564	-0.03771492584319983	-0.045241040816448995
999565	-0.037369303932307606	-0.044825534297913174
999566	-0.03702182715318582	-0.044410388879538035
999567	-0.03667248084474769	-0.04399563194277268
999568	-0.036321250345906435	-0.043581290869066196
999569	-0.03596812099557527	-0.043167393039867684
999570	-0.035613078132667404	-0.042753965836626225
999571	-0.03525610709609607	-0.042341036640790926
999572	-0.034897193224774484	-0.041928632833810875
999573	-0.03453632185761585	-0.04151678179713516
999574	-0.034173478852278505	-0.041105510165135514
999575	-0.033808653553233294	-0.040694840982464404
999576	-0.033441836711826996	-0.040284796242799896
999577	-0.033073019082504096	-0.03987539794047111
999578	-0.03270219141970908	-0.03946666806980716
999579	-0.032329344477886414	-0.039058628625137176
999580	-0.03195446901148058	-0.03865130160079026
999581	-0.03157755577493607	-0.03824470899109553
999582	-0.03119859552269734	-0.03783887279038211
999583	-0.030817579009208885	-0.03743381499297912
999584	-0.03043449735264299	-0.037029557162476426
999585	-0.03004934514260692	-0.036626117625080064
999586	-0.02966211888925952	-0.036223513264217404
999587	-0.029272815122797783	-0.035821760958473066
999588	-0.0288814303734187	-0.03542087758643166
999589	-0.028487961171319253	-0.035020880026677775
999590	-0.028092404046696447	-0.03462178515779604
999591	-0.02769475552974727	-0.03422360985837105
999592	-0.027295012150668707	-0.03382637100698742
999593	-0.02689317043965776	-0.03343008548222975
999594	-0.026489227110994818	-0.033034769969005576
999595	-0.02608318200190248	-0.03264043846145538
999596	-0.025675037542108894	-0.03224710298833375
999597	-0.025264796238914984	-0.031854775533959184
999598	-0.02485246059962167	-0.03146346808265019
999599	-0.024438033131529893	-0.03107319261872527
999600	-0.02402151634194057	-0.03068396112650293
999601	-0.02360291273815463	-0.030295785590301678
999602	-0.023182224827473	-0.029908677994440018
999603	-0.022759455117196608	-0.029522650323236452
999604	-0.022334606136729794	-0.02913771454058723
999605	-0.021907682431319606	-0.028753880967758497
999606	-0.02147869212722962	-0.028371157154723544
999607	-0.021047643717088706	-0.02798955038947754
999608	-0.020614545693525718	-0.02760906796001565
999609	-0.020179406549169526	-0.027229717154333047
999610	-0.019742234776648993	-0.026851505260424895
999611	-0.01930303886859298	-0.02647443956628636
999612	-0.018861827317630354	-0.026098527359912617
999613	-0.01841860861638998	-0.02572377592929883
999614	-0.017973391257500717	-0.02535019256244016
999615	-0.017526184578342825	-0.024977783909558654
999616	-0.017077001754902097	-0.024606553641633822
999617	-0.016625857035795024	-0.024236504568473358
999618	-0.016172764669299115	-0.02386763949998426
999619	-0.015717738903691873	-0.023499961246073536
999620	-0.015260793987250814	-0.023133472616648196
999621	-0.014801944168253438	-0.02276817642161524
999622	-0.014341203694977255	-0.02240407547088168
999623	-0.013878586815699773	-0.022041172574354517
999624	-0.0134141077786985	-0.02167947054194076
999625	-0.012947781059613426	-0.021318972029336955
999626	-0.012479624151118973	-0.020959677382598983
999627	-0.012009656632643568	-0.02060158517715889
999628	-0.011537898120686682	-0.020244693943988985
999629	-0.011064368231747787	-0.019889002214061584
999630	-0.010589086582326355	-0.019534508518348995
999631	-0.010112072788921855	-0.01918121138782353
999632	-0.009633346468033759	-0.018829109353457496
999633	-0.009152927236161538	-0.018478200946223208
999634	-0.008670834709804665	-0.01812848469709297
999635	-0.008187088527331805	-0.017779959125627805
999636	-0.007701710082448004	-0.017432621445566853
999637	-0.007214723599391267	-0.017086466393215358
999638	-0.006726153538425672	-0.016741488429996305
999639	-0.006236024359815294	-0.016397682017332674
999640	-0.00574436052382421	-0.016055041616647458
999641	-0.005251186490716497	-0.015713561689363643
999642	-0.0047565267207562295	-0.01537323669690421
999643	-0.004260405674207487	-0.015034061100692147
999644	-0.0037628478113343423	-0.014696029362150443
999645	-0.003263877592400875	-0.01435913594270208
999646	-0.0027635201745055977	-0.014023374801118505
999647	-0.00226180357491706	-0.01368873736813557
999648	-0.0017587564629668088	-0.013355214289393015
999649	-0.0012544075057988866	-0.013022796210521007
999650	-0.0007487853705573358	-0.012691473777149704
999651	-0.0002419187243861958	-0.012361237634909273
999652	0.0002661637655704916	-0.012032078429429877
999653	0.0007754334321686855	-0.011703986806341679
999654	0.0012858616082643448	-0.011376953411274843
999655	0.0017974196267134283	-0.011050968889859531
999656	0.0023100786398954935	-0.010726023762293162
999657	0.0028238076884056357	-0.010402106659320978
999658	0.0033385746135766326	-0.010079204779319085
999659	0.00385434726101759	-0.009757305287574469
999660	0.004371093476337613	-0.009436395349374113
999661	0.004888781105145806	-0.009116462130005006
999662	0.005407377993051276	-0.008797492794754124
999663	0.0059268519856631304	-0.008479474508908458
999664	0.006447170928590472	-0.00816239443775499
999665	0.006968302667442408	-0.007846239746580703
999666	0.007490215060491122	-0.007530997630419351
999667	0.008012875605321653	-0.007216655341799929
999668	0.00853624958021455	-0.006903197358144788
999669	0.009060301749735093	-0.006590607343269753
999670	0.00958499687844856	-0.006278868960990649
999671	0.01011029973092023	-0.005967965875123303
999672	0.010636175071715388	-0.005657881749483543
999673	0.011162587665399305	-0.005348600247887194
999674	0.011689502276537266	-0.005040105034150081
999675	0.012216883669694548	-0.0047323797720880325
999676	0.012744696609436432	-0.004425408125516874
999677	0.013272905860328194	-0.0041191737582524325
999678	0.013801476186935117	-0.003813660334110533
999679	0.01433037235382248	-0.0035088515169070028
999680	0.014859559049771168	-0.0032047309159627733
999681	0.015388999158761065	-0.0029012804694042815
999682	0.01591865493471533	-0.0025984808064068174
999683	0.01644848888693825	-0.002296312627881897
999684	0.016978463524734116	-0.0019947566347410387
999685	0.017508541357407217	-0.001693793527895757
999686	0.01803868489426185	-0.0013934040082575695
999687	0.018568856644602297	-0.0010935687767379939
999688	0.019099019117732846	-0.0007942685342485456
999689	0.019629134822957795	-0.0004954839817007415
999690	0.02015916626958143	-0.00019719582000609877
999691	0.02068907596690804	0.0001006152499238664
999692	0.021218826424241916	0.000397968527177637
999693	0.021748380150887345	0.0006948833108436965
999694	0.022277699545127476	0.000991379016100133
999695	0.02280674568137203	0.0012874766112929582
999696	0.02333547988385937	0.0015831971328867551
999697	0.023863863712677576	0.001878561404889296
999698	0.024391858727914727	0.002173590251308353
999699	0.024919426489658916	0.0024683044961516993
999700	0.025446528557998224	0.002762724963427106
999701	0.02597312649302073	0.003056872477142347
999702	0.02649918185481453	0.0033507678613051927
999703	0.027024656203467695	0.003644431939923417
999704	0.027549511099068322	0.003937885537004792
999705	0.028073708101704488	0.00423114947655709
999706	0.02859720877146428	0.004524244582588083
999707	0.029119974668435782	0.004817191679105544
999708	0.02964196722814107	0.005110011781846432
999709	0.03016314721494505	0.005402726962517819
999710	0.030683476189069407	0.005695358105880987
999711	0.03120291588166959	0.005987925836634676
999712	0.03172142802390106	0.006280450779477622
999713	0.03223897434691927	0.006572953559108563
999714	0.03275551658187967	0.006865454800226234
999715	0.03327101645993772	0.0071579751275293755
999716	0.033785435712248874	0.007450535165716723
999717	0.03429873606996858	0.007743155539487013
999718	0.034810879264252303	0.008035856873538985
999719	0.035321827026255484	0.008328659792571375
999720	0.035831541087133593	0.00862158492128292
999721	0.03633998317804207	0.008914652884372359
999722	0.03684711492965187	0.00920788455900192
999723	0.037352898011593735	0.009501300957178865
999724	0.03785729511911222	0.00979492084066187
999725	0.038360269048131945	0.01008876273746576
999726	0.03886178259457756	0.01038284517560536
999727	0.03936179855437369	0.010677186683095495
999728	0.03986027972344498	0.01097180578795099
999729	0.04035718889771607	0.01126672101818667
999730	0.04085248887311159	0.011561950901817358
999731	0.04134614244555618	0.011857513966857882
999732	0.041838112410974466	0.012153428741323065
999733	0.0423283615652911	0.01244971375322773
999734	0.04281685270443071	0.012746387530586704
999735	0.04330354862431794	0.013043468601414811
999736	0.04378841208553283	0.013340975745478878
999737	0.04427140653969631	0.013638926577871613
999738	0.044752496475946556	0.01393733576120553
999739	0.04523164643201904	0.014236217792162937
999740	0.04570882094564921	0.014535587167426148
999741	0.04618398455457252	0.01483545838367748
999742	0.046657101796524415	0.01513584593759924
999743	0.04712813720924037	0.015436764325873745
999744	0.04759705533045583	0.015738228045183305
999745	0.04806382069790624	0.016040251592210234
999746	0.04852839784932707	0.016342849463636847
999747	0.04899075132245376	0.01664603615614545
999748	0.049450845655021766	0.016949826166418366
999749	0.049908645384766546	0.017254233991137898
999750	0.050364115111196636	0.01755927426728967
999751	0.05081722066483256	0.017864958948386016
999752	0.05126792883513792	0.018171296767832103
999753	0.05171620643098861	0.01847829636705829
999754	0.05216202026126051	0.01878596638749495
999755	0.05260533713482952	0.019094315470572436
999756	0.05304612386057153	0.019403352257721114
999757	0.053484347247362424	0.019713085390371348
999758	0.0539199741040781	0.020023523509953504
999759	0.05435297123959445	0.02033467525789794
999760	0.054783305462787354	0.02064654927563502
999761	0.05521094358253271	0.020959154204595105
999762	0.05563585240770641	0.021272498686208566
999763	0.05605799874718433	0.021586591361905758
999764	0.05647734958117122	0.021901440749496192
999765	0.05689387356505506	0.02221705116816679
999766	0.057307540252735614	0.022533423862883168
999767	0.05771831920499276	0.022850560042507503
999768	0.05812617998260642	0.023168460915901967
999769	0.05853109214635646	0.023487127691928743
999770	0.058933025257022806	0.023806561579450002
999771	0.059331948875385336	0.024126763787327928
999772	0.059727832562223956	0.024447735524424686
999773	0.060120645878318564	0.02476947799960246
999774	0.06051035838444905	0.025091992421723427
999775	0.060896939641395316	0.02541527999964976
999776	0.061280359209937255	0.025739341942243636
999777	0.06166058665085477	0.026064179458367236
999778	0.06203759180536735	0.026389793194897825
999779	0.062411346625046195	0.02671617833683762
999780	0.06278182396137104	0.02704332745688471
999781	0.06314899666778656	0.0273712331205161
999782	0.06351283759773746	0.027699887893208805
999783	0.0638733196046684	0.028029284340439834
999784	0.06423041554202408	0.028359415027686196
999785	0.06458409826324918	0.0286902725204249
999786	0.06493434062178838	0.02902184938413296
999787	0.06528111547108635	0.029354138184287382
999788	0.0656243956645878	0.02968713148636518
999789	0.0659641540557374	0.03002082185584336
999790	0.06630036349797984	0.030355201858198934
999791	0.06663299684475979	0.030690264058908914
999792	0.06696202734588463	0.03102599985113282
999793	0.06728743089199443	0.03136239439096311
999794	0.06760918431501126	0.031699430863677325
999795	0.06792726444688887	0.03203709245450813
999796	0.06824164811958107	0.03237536234868819
999797	0.0685523121650416	0.03271422373145015
999798	0.06885923341522425	0.033053659788026706
999799	0.0691623887020828	0.033393653703650494
999800	0.06946175485757101	0.033734188663554196
999801	0.06975730871364268	0.03407524785297046
999802	0.07004902710225157	0.03441681445713197
999803	0.07033688685535144	0.034758871661271375
999804	0.07062086480489609	0.035101402650621345
999805	0.07090093778096701	0.03544439060999339
999806	0.07117708318016479	0.03578781680004541
999807	0.07144928171215367	0.036131656158609166
999808	0.07171751505299945	0.03647588232777428
999809	0.07198176487876792	0.03682046894963042
999810	0.07224201286552487	0.037165389666267215
999811	0.07249824068933608	0.03751061811977432
999812	0.07275043002626733	0.03785612795224138
999813	0.07299856255238442	0.03820189280575804
999814	0.07324261994375313	0.038547886322413946
999815	0.07348258387643924	0.03889408214429874
999816	0.07371843602650854	0.03924045391350209
999817	0.07395015807002683	0.03958697527211361
999818	0.0741777316830599	0.03993361986222298
999819	0.07440113853228617	0.04028036131169355
999820	0.07462036116336712	0.0406271705440602
999821	0.0748353861735988	0.04097401284497375
999822	0.0750462010909901	0.0413208528200352
999823	0.07525279344354989	0.04166765507484553
999824	0.07545515075928706	0.042014384215005744
999825	0.07565326056621054	0.04236100484611684
999826	0.07584711039232918	0.0427074815737798
999827	0.07603668776565191	0.04305377900359563
999828	0.07622198021418759	0.04339986174116533
999829	0.07640297526594513	0.043745694392089876
999830	0.07657966044893343	0.04409124156197028
999831	0.07675202329116135	0.04443646785640753
999832	0.07692005132063783	0.044781337881002616
999833	0.07708373204710436	0.045125816179391466
999834	0.07724305438938224	0.0454698639682228
999835	0.07739801194842709	0.04581343824449529
999836	0.077548599134563	0.04615649583316423
999837	0.07769481035811403	0.04649899355918491
999838	0.07783664002940428	0.046840888247512626
999839	0.07797408255875785	0.04718213672310267
999840	0.07810713235649878	0.04752269581091033
999841	0.07823578383295118	0.047862522335890896
999842	0.07836003139843914	0.04820157312299967
999843	0.07847986946328671	0.04853980499719194
999844	0.078595292437818	0.048877174783422996
999845	0.0787062947323571	0.04921363930664813
999846	0.07881287075722807	0.049549155391822634
999847	0.07891501491115865	0.04988367970534275
999848	0.07901272376309221	0.0502171653442297
999849	0.07910599885120723	0.05054956320424714
999850	0.0791948423252987	0.0508808243740686
999851	0.07927925633516168	0.051210899942367646
999852	0.07935924303059112	0.05153974099781781
999853	0.07943480456138205	0.051867298629092645
999854	0.07950594307732946	0.0521935239248657
999855	0.07957266072822836	0.05251836797381052
999856	0.07963495966387375	0.05284178186460065
999857	0.07969284203406063	0.05316371668590965
999858	0.07974630998858401	0.05348412352641104
999859	0.07979536567723887	0.0538029534747784
999860	0.07984001124982024	0.05412015761968525
999861	0.0798802488972901	0.05443568674640356
999862	0.07991608387467881	0.05474948843972366
999863	0.0799475261340081	0.05506151045140888
999864	0.07997458600337874	0.05537170092982009
999865	0.07999727381089147	0.055680008023318184
999866	0.08001559988464706	0.05598637988026403
999867	0.08002957455274626	0.05629076464901851
999868	0.0800392081432898	0.056593110477942514
999869	0.08004451098437847	0.05689336551539691
999870	0.08004549340411297	0.057191477909742584
999871	0.08004216573059413	0.05748739580934041
999872	0.08003453829192263	0.05778106736255127
999873	0.08002262141619926	0.058072440717736054
999874	0.08000642543152475	0.05836146402325563
999875	0.07998596084189442	0.05864808495996647
999876	0.07996124201216177	0.0589322491684831
999877	0.07993228706808744	0.059213904810916713
999878	0.07989911429133235	0.05949300049496042
999879	0.07986174196355737	0.05976948482830733
999880	0.07982018836642338	0.06004330641865056
999881	0.07977447178159125	0.060314413873683234
999882	0.07972461049072188	0.06058275580109846
999883	0.07967062277547615	0.06084828080858935
999884	0.07961252691751496	0.06111093750384902
999885	0.07955034119849914	0.061370674494570586
999886	0.07948408390008962	0.06162744038844716
999887	0.07941377330394728	0.06188118379317186
999888	0.07933942769173298	0.0621318533164378
999889	0.07926106575971079	0.06237939698298887
999890	0.07917871043634424	0.06262376277148224
999891	0.07909238689110383	0.06286490310042724
999892	0.07900212029175577	0.0631027707637099
999893	0.0789079358060663	0.06333731855521627
999894	0.07880985860180162	0.06356849926883236
999895	0.07870791384672796	0.06379626569844424
999896	0.07860212670861155	0.0640205706379379
999897	0.07849252235521861	0.06424136688119941
999898	0.07837912595431536	0.06445860722211479
999899	0.07826196267366801	0.06467224445457008
999900	0.07814105768104279	0.0648822313724513
999901	0.07801643614420593	0.06508852076964451
999902	0.07788812323092364	0.06529106544003574
999903	0.07775614484793893	0.06548981763357495
999904	0.07762053074962869	0.06568473220359457
999905	0.0774813111101055	0.06587576955130943
999906	0.07733851602910254	0.06606289032213927
999907	0.07719217560635294	0.06624605516150377
999908	0.07704231994158987	0.06642522471482265
999909	0.07688897913454651	0.06660035962751562
999910	0.07673218328495598	0.0667714205450024
999911	0.07657196249255148	0.06693836811270269
999912	0.07640834685706614	0.0671011629760362
999913	0.07624136647823314	0.06725976578042266
999914	0.0760710514557856	0.06741413717128175
999915	0.07589743188945673	0.06756423779403321
999916	0.07572053787897966	0.06771002829409674
999917	0.07554040061822695	0.06785147050979107
999918	0.07535705383486935	0.06798853295906712
999919	0.07517052989967339	0.06812118618033547
999920	0.0749808611073608	0.06824940069368683
999921	0.07478807975265325	0.06837314701921192
999922	0.07459221813027249	0.06849239567700147
999923	0.07439330853494018	0.0686071171871462
999924	0.07419138326137803	0.06871728206973682
999925	0.07398647460430777	0.06882286084486405
999926	0.07377861485845105	0.06892382403261862
999927	0.07356783631852963	0.06902014215309125
999928	0.07335417132968901	0.06911178571465523
999929	0.07313765345043621	0.06919872763961685
999930	0.07291831532142695	0.06928094805394683
999931	0.072696188965091	0.0693584283015139
999932	0.07247130640385815	0.06943114972618673
999933	0.07224369966015816	0.06949909367183403
999934	0.0720134007564208	0.06956224148232451
999935	0.07178044171507589	0.06962057450152685
999936	0.07154485455855315	0.06967407407330975
999937	0.07130667130928241	0.06972272154154191
999938	0.07106592398969341	0.06976649825009203
999939	0.07082264462221594	0.0698053855428288
999940	0.07057686557136121	0.0698393651838633
999941	0.07032861877402753	0.06986842532470099
999942	0.07007793392826725	0.06989255890291764
999943	0.0698248406144183	0.06991175896282771
999944	0.06956936841281867	0.06992601854874561
999945	0.06931154690380635	0.06993533070498577
999946	0.06905140566771928	0.0699396884758626
999947	0.06878897428489544	0.06993908490569055
999948	0.0685242823356728	0.06993351303878403
999949	0.06825735940038934	0.06992296591945747
999950	0.06798823505938302	0.06990743659202531
999951	0.06771693890755186	0.06988691810527832
999952	0.06744350059365853	0.06986140636882934
999953	0.06716794647366484	0.06983090505838617
999954	0.06689030173925162	0.0697954191548035
999955	0.06661059158209968	0.06975495363893605
999956	0.06632884119388986	0.06970951349163852
999957	0.06604507576630297	0.06965910369376563
999958	0.06575932049101983	0.06960372922617207
999959	0.06547160055972125	0.06954339506971256
999960	0.06518194116408807	0.06947810620524182
999961	0.0648903674958011	0.06940786761361455
999962	0.06459690474654117	0.06933268427568544
999963	0.06430157814952209	0.06925256166841735
999964	0.0640044105993623	0.0691675116950182
999965	0.06370542157735247	0.06907755065596521
999966	0.06340463037654255	0.06898269493018061
999967	0.06310205628998244	0.06888296089658659
999968	0.06279771861072204	0.06877836493410534
999969	0.06249163663181128	0.06866892342165908
999970	0.06218382964630005	0.06855465273816996
999971	0.061874316947238266	0.06843556926256024
999972	0.06156311782767583	0.06831168937375207
999973	0.06125025158066266	0.06818302945066766
999974	0.060935737499822076	0.06804960587338957
999975	0.06061959403128077	0.06791143762620819
999976	0.06030183506077684	0.0677685504050033
999977	0.05998247311722891	0.06762097083056967
999978	0.05966152072955561	0.06746872552370207
999979	0.059338990426675585	0.0673118411051953
999980	0.05901489473750745	0.0671503441958441
999981	0.058689246190969845	0.06698426141644326
999982	0.0583620573159814	0.06681361938778756
999983	0.05803334064146075	0.06663844473067176
999984	0.05770310869632653	0.06645876406589066
999985	0.05737137400949735	0.066274604014239
999986	0.05703814849148759	0.06608599206109378
999987	0.056703438789691106	0.06589296281050996
999988	0.05636725142138852	0.0656955506716553
999989	0.05602959331227177	0.06549378945526173
999990	0.05569047138803278	0.0652877129720612
999991	0.055349892574363485	0.06507735503278564
999992	0.05500786379695584	0.06486274944816699
999993	0.054664391964646106	0.06464393005208124
999994	0.054319482519807644	0.0644209323633735
999995	0.05397313837287602	0.06419379455819646
999996	0.05362536218813796	0.06396255503094608
999997	0.053276156629880174	0.06372725217601832
999998	0.052925524362389384	0.06348792438780915
999999	0.052573468049952304	0.06324461006071451
1000000	0.05221999035685566	0.06299734758913039